10 2212
19 2464
26 2564
40 3308
50 20
56 1923
58 2359
60 1966
68 2309
73 1945
105 2015
112 2021
118 2016
121 2941
124 2442
144 2053
148 2517
159 2064
167 2011
179 2558
181 2398
208 2136
227 2706
230 2093
258 2212
295 2025
332 2867
383 2283
432 3138
455 2016
480 3198
493 2046
530 2082
536 2545
558 2135
563 3123
605 1976
644 4447
720 3986
788 2051
789 2051
817 3220
819 3064
830 3061
836 3308
838 3076
857 3022
871 3023
874 3123
875 3123
876 1918
877 3135
881 3138
884 3144
893 3155
903 3023
911 3218
914 3023
919 3138
942 3237
970 2509
974 3282
986 3048
1030 2545
1032 3319
1049 2398
1067 3081
1070 3413
1152 3119
1170 3549
1179 3756
1209 3782
1243 3622
1288 4314
1296 4314
1339 2309
1342 3756
1345 3756
1385 3228
1427 2339
1477 2223
1490 4310
1518 3962
1527 3962
1550 3311
1571 2867
1611 4086
1612 4086
1614 2223
1618 4143
1632 4101
1647 4143
1682 4174
1706 2917
1845 3307
1885 3001
1892 3986
1908 4143
1922 2309
1925 1976
1935 2064
1936 2082
1937 1940
1939 1940
1950 1949
1964 1995
1977 1976
1982 1985
2000 2046
2003 2061
2018 21
2026 2045
2040 2022
2071 2382
2087 21
2116 2706
2165 2010
2200 2995
2217 3133
2242 3143
2248 3598
2256 3048
2269 2359
2337 2331
2364 1966
2410 2428
2443 2471
2502 3248
2503 2055
2526 2010
2530 2011
2544 2545
2552 2398
2561 2082
2565 2564
2594 2395
2600 2015
2609 2710
2624 2283
2628 1949
2645 2700
2692 2023
2704 2115
2766 2025
2776 4447
2797 2941
2802 3756
2864 3248
2873 3986
2909 2186
2959 2109
2961 2965
2996 2995
3007 2970
3041 3042
3064 3073
3077 3048
3079 3078
3083 3078
3111 3520
3153 3198
3157 3048
3177 3198
3189 3198
3223 2509
3235 3263
3239 3237
3243 3046
3246 3229
3250 3251
3255 3045
3256 3248
3260 2517
3264 3263
3277 3042
3287 3285
3289 3285
3297 2535
3309 3308
3320 3307
3322 3081
3329 3328
3337 3078
3338 3328
3339 3330
3348 3402
3355 3354
3420 3413
3440 3106
3450 3491
3456 3106
3496 3285
3497 2509
3536 3756
3675 4305
3717 3285
3743 3780
3784 4092
3832 4438
3858 4285
3862 3373
3913 2331
3931 4461
3967 2342
4004 3780
4036 4077
4063 4077
4065 3782
4078 2331
4136 4137
4144 4143
4171 3280
4176 4143
4186 4314
4189 4314
4260 4137
4297 4077
4302 4310
4323 4381
4352 4357
4383 4330
4407 4336
4423 3198
461 2016
610 2167
1519 3964
1652 3842
1794 3556
2088 21
2220 2223
2255 3271
2574 2576
2787 3018
3818 3251
3841 4272
236 4451
1043 3377
3381 3377
4210 2970
2172 2205
2986 4255
3151 3148
2222 1932
