31 1778
46 1222
108 426
165 161
252 161
257 464
360 1226
361 1226
427 426
550 846
589 1301
607 12
838 1040
844 1222
845 846
847 1053
852 846
856 846
915 464
1036 846
1042 846
1045 846
1046 1301
1056 1125
1089 1625
1092 1026
1100 1233
1104 846
1107 1738
1113 1053
1148 1222
1170 1791
1189 1625
1206 1865
1223 1226
1230 1222
1232 1236
1234 1236
1254 1233
1371 12
1551 12
1627 1026
1641 1026
1642 1233
1655 1306
1666 1738
1670 1738
1684 1306
1698 1301
1703 1836
1741 1738
1776 1821
1777 846
1782 855
1783 1821
1785 1778
1790 1233
1794 1799
1795 1778
1798 1778
1807 1301
1808 1778
1811 1778
1815 1026
1816 1026
1822 1222
1823 1799
1824 1799
1825 1226
1826 1040
2004 161
2008 161
2227 464
2358 377
2380 161
2448 464
2522 426
2724 12
2857 283
3052 426
3083 846
3088 1778
3089 846
3090 855
3102 846
3104 846
3111 377
3115 377
3340 1026
3355 846
3381 855
3383 1053
3389 1778
3391 846
3392 1053
3394 846
3429 846
3463 1738
3471 849
3476 1053
3516 1301
3523 1233
3526 1233
3535 1233
3551 377
3552 1233
3584 1865
3595 1306
3635 1222
3636 1222
3637 1233
3648 1233
3704 1301
3705 1301
3708 1301
3736 12
3759 12
3760 12
3926 1301
4001 12
4097 1738
4131 1738
4133 1226
4136 1738
4148 1222
4160 1222
4200 1301
4201 1791
4210 12
4259 1625
4263 1829
4320 849
4321 1053
4323 1778
4327 1040
4329 1821
4331 1222
4333 1778
4347 1233
4376 1040
4386 1829
4389 1829
4391 1821
4407 1799
4409 1799
4417 161
4462 1799
4463 1222
96 283
100 4474
128 349
157 4474
159 281
235 349
242 281
259 4474
296 349
308 349
353 1625
388 64
400 64
411 64
466 349
598 1301
839 1008
922 869
1014 1625
1032 1040
1087 1008
1153 1625
1160 1226
1220 1236
1229 1222
1231 1797
1235 1040
1253 1222
1293 1306
1648 1821
1806 1053
1828 1780
1909 4474
1912 64
1935 281
1978 64
2067 281
2069 281
2071 349
2165 281
2185 349
2304 67
2345 64
2412 869
2756 349
3082 855
3120 869
3201 869
3314 1026
3367 1125
3399 1799
3447 1040
3468 855
3554 1799
3605 1233
3854 1301
3934 1301
4141 1821
4156 1226
4258 1738
4313 1306
4342 1301
4371 1625
4408 1779
107 146
142 156
145 349
147 156
148 349
239 349
256 146
452 869
488 349
503 1343
549 1125
614 349
766 349
829 1040
927 1343
999 1008
1010 1040
1015 1008
1016 1125
1030 1343
1031 1224
1059 846
1062 855
1086 855
1096 1821
1110 855
1114 855
1177 1343
1180 1343
1225 1799
1255 1233
1258 1796
1297 1125
1622 1821
1637 1865
1660 1233
1662 1738
1664 1054
1699 1701
1702 1053
1773 1040
1781 1026
1802 1301
1813 1796
1840 1787
1907 146
1916 1791
1925 67
1965 349
1977 67
2014 161
2063 281
2315 67
2343 67
2392 869
2404 869
2482 146
2485 1865
2509 869
2542 349
2662 349
3094 846
3223 869
3227 1343
3333 1040
3369 1125
3387 1701
3396 1125
3404 1125
3420 1125
3457 1053
3459 1125
3474 1125
3482 855
3550 1796
3610 869
3614 1040
3627 1226
4126 1821
4149 1236
4155 1701
4266 1701
4337 1224
4341 1779
4359 1701
4375 1222
4419 846
4434 349
73 4474
158 4474
491 156
495 156
504 349
505 156
850 1006
1005 846
1028 846
1057 1778
1061 846
1093 846
1109 1780
1149 1006
1221 1006
1251 1796
1252 1233
1272 1236
1644 1738
1784 1821
1793 1791
1800 1222
1812 1779
1818 1236
1839 1791
2190 161
2411 4474
2514 4474
3097 1006
3273 4474
3309 1006
3438 846
3527 1233
3613 1236
3642 1755
19 822
53 64
207 583
236 283
249 283
270 349
373 67
393 67
414 67
455 156
461 156
492 156
529 1778
590 349
646 283
725 283
823 822
840 1040
908 1301
923 822
929 822
1055 846
1070 1008
1129 1013
1140 1026
1671 1040
1982 67
2104 583
2149 283
2394 156
2441 156
2601 283
2981 349
3207 822
3208 822
3339 1026
3343 1053
3346 1778
3440 1026
3452 1222
3500 1625
3601 1301
4355 1778
4454 349
460 349
672 37
685 349
861 822
882 822
933 822
1018 1002
1088 1008
1287 1301
1628 1738
1743 1738
1894 283
1900 37
1908 1821
2518 583
2791 349
2830 349
2907 37
2990 349
3001 37
3079 1002
3081 1002
3101 1821
3230 37
3231 37
3350 1821
4247 1625
621 1322
1041 1053
1075 1053
1277 1053
1298 1053
1334 1322
1539 1322
1540 1322
1694 1672
1814 1791
2865 1322
3225 1322
3446 1236
3484 822
3496 1791
3548 1236
3823 1322
3976 1322
3979 1322
4129 1821
4173 1672
4261 1672
4352 1799
4356 1779
272 161
356 1222
608 1133
972 1133
1063 1040
1187 1791
1238 1226
1333 1133
1803 1821
1810 1787
1819 1236
1827 1222
3125 1226
3321 846
3347 1791
3357 1306
3360 846
3390 855
3573 1053
3589 1133
3590 1133
4338 1797
4413 1787
4425 161
538 349
1685 1026
1899 349
2054 156
2427 869
3066 846
3131 869
3497 869
3511 869
3576 1040
3703 1053
3722 1006
4188 1125
225 349
264 349
511 156
535 349
558 146
606 1133
684 349
1090 1013
1097 1102
1256 1222
2078 146
2490 1865
2714 349
2996 349
3449 1821
4267 1829
4319 1821
4362 1625
4390 1778
4447 283
4458 64
139 156
195 349
506 156
748 283
759 349
926 925
1375 398
1554 398
1654 1738
1681 416
1689 1701
1691 1829
1733 416
1766 1053
1929 416
1947 416
1948 416
1994 416
2364 416
2429 925
2983 283
3301 426
3592 1207
3731 869
3860 1701
3955 398
4264 1829
4380 1040
4394 1787
221 774
320 774
338 774
773 774
1118 774
1889 774
2191 774
2538 426
2993 774
3456 1821
3651 1236
1168 1832
1264 1226
1267 1306
3203 925
3217 925
172 349
202 349
203 349
250 281
392 1615
528 349
629 349
715 1890
735 12
1077 1890
1078 1047
1210 1615
1260 1615
1292 1615
1341 12
1485 1890
1583 1890
2088 349
2399 1778
2491 156
2726 349
2746 349
2928 1890
3043 156
3300 426
3669 1047
4051 1890
4297 1890
164 583
284 340
322 340
323 340
665 349
1050 1040
1243 1306
1312 1306
1754 583
1919 67
1986 349
2168 245
2169 340
2321 67
2327 67
2792 340
2819 245
2897 245
2899 349
2978 340
2979 340
3630 583
137 774
390 67
539 349
1197 774
1299 1125
1550 1006
1721 774
1742 1829
2194 315
2958 774
3861 1306
4105 1738
1696 1672
2508 869
2645 349
2745 349
1183 349
2403 869
3358 846
4144 1799
4428 846
192 240
196 240
241 240
637 240
638 240
1497 1306
2066 426
2096 240
2158 240
2483 156
2643 240
2762 240
2837 240
2947 240
1019 1002
1677 4474
2218 1002
2527 583
287 67
295 67
894 283
1830 1829
2150 67
2669 283
2806 67
3338 846
63 1615
336 1911
611 1911
830 1074
1261 1738
1864 1755
1962 1911
2279 846
2884 1911
3337 1074
3692 1755
4103 1911
4176 1301
1618 1821
2027 349
2817 1306
3245 504
3257 504
3717 64
1023 1053
2473 12
2869 349
3025 822
3298 426
609 1133
2311 64
3243 981
3249 981
3252 981
3748 981
375 1006
1266 1006
1639 1836
1834 1836
2468 824
2537 583
3112 1006
3161 824
3163 583
3166 824
3168 824
3171 824
4124 1836
4125 1836
4205 1836
316 161
1068 428
1082 428
1106 1040
2396 428
2581 428
3320 1006
3629 1054
902 583
1860 349
3072 1787
3460 1787
3469 1787
3750 1133
4130 1738
4159 846
4393 1738
1044 849
1331 1133
1845 849
2170 349
2445 1755
2500 156
3234 1133
18 426
109 484
125 484
213 484
970 981
1501 1796
1647 1821
2030 484
2031 484
2433 484
3061 846
3173 484
3281 4474
808 1738
1163 1796
1193 349
1490 1755
1884 4474
2291 349
2530 161
2998 1738
3606 1233
3749 349
4437 1233
4486 1796
163 162
232 1133
540 1006
985 426
3170 1306
3522 1133
25 519
167 161
2526 426
3299 519
516 281
960 981
963 981
1468 981
1805 1821
1838 1779
1868 1240
2243 981
3035 981
3255 981
3611 1240
3326 428
3783 1625
83 93
94 93
809 349
1831 1836
1991 64
2000 93
2269 93
2503 93
2531 75
2972 1738
4398 1836
1874 67
2863 1322
2878 1322
2883 1322
276 349
1674 412
2440 349
2689 349
2700 349
2960 349
120 1844
473 1844
828 1844
914 1844
916 1844
1069 1026
1281 1792
2458 1844
2497 981
3169 1844
3177 1844
3178 1844
3190 1844
3191 1844
3289 1006
297 240
481 1615
1064 1006
1095 1787
2130 240
2650 240
2701 240
2964 1615
3322 1006
4116 1615
2732 349
4260 1799
179 500
263 500
443 815
720 815
1505 815
1892 815
2156 815
2302 408
2416 815
2873 815
3189 815
3261 4474
3504 1679
3813 815
3846 500
4054 815
788 1832
1245 981
1262 1222
1895 1890
2462 349
781 12
2280 1625
2955 12
4254 12
445 484
1290 1236
1450 398
1506 398
586 582
1247 582
2680 582
3316 1787
3318 1006
36 990
991 990
1651 990
1731 990
1853 990
3263 1143
3264 1143
3792 1143
4119 1143
4215 990
339 4468
591 4474
1744 4474
1876 1322
2117 1322
2267 822
2414 1322
2584 1322
3160 822
3205 822
459 868
817 868
1126 868
1150 868
3419 1006
1158 1236
2375 398
2484 398
3074 398
4010 398
618 349
399 12
900 818
911 818
1130 981
2451 818
