           1 19 0.0000 0.0000 0.0000 0.0000 1.0000 0.0000 0.0000 0.0000 0.0000 0.0000 0.0000 0.0000 0.0000 0.0000 0.0000 0.0000 0.0000 0.0000 0.0000 0.0000 
           2  8 0.0007 0.0000 0.0005 0.0001 0.0016 0.0004 0.0014 0.9839 0.0000 0.0013 0.0000 0.0000 0.0007 0.0033 0.0002 0.0000 0.0001 0.0018 0.0031 0.0008 
           4 20 0.0043 0.0000 0.0020 0.0004 0.0007 0.0057 0.0010 0.0001 0.0000 0.0013 0.0000 0.0000 0.0008 0.0004 0.0008 0.0000 0.0012 0.0007 0.0018 0.9789 
           5 18 0.0005 0.0000 0.0001 0.0000 0.0000 0.0003 0.0002 0.0002 0.0000 0.0011 0.0000 0.0000 0.0011 0.0007 0.0000 0.0000 0.0005 0.9926 0.0015 0.0012 
           6  9 0.0000 0.0007 0.0000 0.0000 0.0000 0.0000 0.0000 0.0000 0.9991 0.0000 0.0002 0.0000 0.0000 0.0000 0.0000 0.0000 0.0000 0.0000 0.0000 0.0000 
           7 17 0.0001 0.0000 0.0004 0.0001 0.0000 0.0000 0.0256 0.0000 0.0000 0.0015 0.0000 0.0000 0.0000 0.0000 0.0000 0.0000 0.9721 0.0000 0.0000 0.0000 
           9 17 0.0466 0.0062 0.0479 0.0440 0.0070 0.1220 0.0275 0.2079 0.0058 0.0564 0.0061 0.0101 0.0828 0.0338 0.0622 0.0136 0.0253 0.0561 0.0303 0.1086 
          11  9 0.0091 0.1507 0.0081 0.0054 0.3087 0.0301 0.0092 0.0088 0.0204 0.0079 0.0134 0.0146 0.0116 0.0139 0.0082 0.3385 0.0077 0.0124 0.0125 0.0087 
          12  3 0.0283 0.0095 0.0365 0.0296 0.0102 0.1359 0.0281 0.0942 0.0121 0.0221 0.0097 0.0713 0.0268 0.0722 0.0206 0.0048 0.2424 0.0795 0.0261 0.0400 
          13  3 0.0308 0.0239 0.0256 0.0169 0.2300 0.0206 0.0288 0.0255 0.0493 0.0306 0.0457 0.0348 0.0224 0.0493 0.0195 0.0050 0.0202 0.1276 0.1293 0.0642 
          16 14 0.0300 0.0250 0.0465 0.0279 0.1714 0.0181 0.0713 0.0671 0.0046 0.0275 0.0058 0.0050 0.0333 0.1092 0.0548 0.0342 0.0289 0.1685 0.0490 0.0219 
          21  6 0.0042 0.0000 0.0006 0.0388 0.0000 0.9448 0.0011 0.0000 0.0000 0.0043 0.0000 0.0000 0.0002 0.0003 0.0008 0.0000 0.0005 0.0009 0.0013 0.0022 
          24 13 0.0000 0.0000 0.0000 0.0000 0.0001 0.0001 0.0000 0.0000 0.0000 0.0000 0.0001 0.0000 0.9991 0.0000 0.0000 0.0004 0.0000 0.0000 0.0000 0.0000 
          28  1 0.9951 0.0000 0.0001 0.0001 0.0000 0.0001 0.0010 0.0001 0.0000 0.0002 0.0000 0.0000 0.0002 0.0005 0.0000 0.0000 0.0000 0.0003 0.0007 0.0015 
          32 18 0.0001 0.0000 0.0003 0.0001 0.0000 0.0003 0.0000 0.0002 0.0000 0.0007 0.0000 0.0000 0.0023 0.0005 0.0001 0.0000 0.0000 0.9945 0.0005 0.0003 
          33 13 0.0805 0.0122 0.0605 0.0372 0.0069 0.0485 0.0394 0.0856 0.0096 0.0432 0.0081 0.0081 0.0358 0.0950 0.0563 0.0205 0.0728 0.0911 0.0781 0.1102 
          34 17 0.0770 0.0098 0.0347 0.0341 0.0104 0.0264 0.0651 0.0333 0.0074 0.0544 0.0096 0.0093 0.1353 0.0279 0.0604 0.0222 0.0736 0.2291 0.0413 0.0387 
          35 20 0.1133 0.0403 0.0308 0.0711 0.0149 0.0751 0.0606 0.0393 0.0226 0.0808 0.0230 0.0435 0.0431 0.0544 0.0277 0.0240 0.0267 0.0506 0.0634 0.0950 
          37 10 0.0345 0.0074 0.0463 0.0392 0.0121 0.0165 0.0180 0.1731 0.0053 0.1647 0.0058 0.0137 0.0286 0.0694 0.0186 0.0110 0.1411 0.0448 0.0722 0.0777 
          39 19 0.0000 0.0000 0.0000 0.0000 0.0002 0.0000 0.0000 0.0000 0.0000 0.0000 0.0000 0.0000 0.0000 0.0000 0.0000 0.0000 0.0000 0.0000 0.9998 0.0000 
          42 19 0.0000 0.0000 0.0001 0.0000 0.0002 0.0000 0.0029 0.0005 0.0000 0.0001 0.0000 0.0000 0.0001 0.0014 0.0002 0.0000 0.0001 0.0003 0.9938 0.0002 
          44  7 0.0003 0.0000 0.0000 0.0005 0.0004 0.0001 0.9952 0.0000 0.0000 0.0003 0.0000 0.0000 0.0000 0.0009 0.0004 0.0000 0.0000 0.0002 0.0007 0.0008 
          45 17 0.0053 0.0000 0.0005 0.0014 0.0000 0.0040 0.0015 0.0004 0.0000 0.0014 0.0000 0.0000 0.0003 0.0008 0.0014 0.0000 0.9786 0.0013 0.0004 0.0028 
          49 12 0.0575 0.0343 0.0301 0.0379 0.0249 0.0445 0.0276 0.0370 0.0265 0.0331 0.0139 0.0230 0.0669 0.1167 0.0227 0.0230 0.0333 0.2020 0.1023 0.0428 
          55 13 0.0140 0.0038 0.0218 0.0358 0.0149 0.0255 0.0137 0.0548 0.0037 0.0280 0.0038 0.0052 0.2111 0.1112 0.0856 0.0131 0.0318 0.2561 0.0440 0.0220 
          57 13 0.0225 0.0084 0.0229 0.0929 0.0114 0.0205 0.0180 0.2491 0.0081 0.0298 0.0080 0.0101 0.0637 0.0981 0.0728 0.0078 0.0235 0.1563 0.0330 0.0431 
          59 18 0.0121 0.0126 0.0189 0.1333 0.0158 0.0099 0.0099 0.0612 0.0126 0.0165 0.0101 0.0097 0.0272 0.2924 0.0180 0.0088 0.0990 0.1299 0.0790 0.0232 
          64 13 0.0155 0.0099 0.0126 0.0122 0.0195 0.0158 0.0115 0.0851 0.0095 0.0125 0.0078 0.0286 0.1225 0.3053 0.0089 0.0073 0.1106 0.1410 0.0406 0.0233 
          65 13 0.0108 0.0097 0.0138 0.0237 0.0173 0.0094 0.0101 0.0630 0.0101 0.0133 0.0096 0.0163 0.2485 0.2721 0.0086 0.0085 0.0884 0.0935 0.0475 0.0258 
          66 13 0.0131 0.0054 0.0272 0.0411 0.0452 0.0288 0.0142 0.1439 0.0090 0.0167 0.0079 0.0317 0.2786 0.0926 0.0190 0.0042 0.0886 0.0923 0.0180 0.0222 
          67 20 0.0143 0.0066 0.0228 0.0206 0.0237 0.0134 0.0169 0.1872 0.0052 0.0196 0.0049 0.0075 0.0685 0.3005 0.0257 0.0061 0.0371 0.1165 0.0732 0.0296 
          69 14 0.0157 0.0048 0.0178 0.0374 0.0155 0.0333 0.0100 0.1246 0.0046 0.0157 0.0049 0.0120 0.0793 0.2967 0.0135 0.0077 0.0719 0.1721 0.0388 0.0236 
          71 13 0.0166 0.0052 0.0199 0.0416 0.0142 0.0242 0.0116 0.1783 0.0047 0.0210 0.0052 0.0071 0.1448 0.2436 0.0224 0.0091 0.0256 0.1273 0.0449 0.0325 
          74 17 0.0754 0.0090 0.0516 0.0497 0.0131 0.0640 0.0482 0.0584 0.0083 0.0522 0.0085 0.0220 0.0460 0.0667 0.0219 0.0067 0.1123 0.1420 0.0523 0.0916 
          75 16 0.0318 0.0072 0.0199 0.0144 0.0077 0.0160 0.0195 0.0185 0.0064 0.0200 0.0062 0.0119 0.0164 0.0306 0.0142 0.6126 0.0156 0.0664 0.0346 0.0302 
          77  1 0.0689 0.0088 0.0169 0.3678 0.0092 0.0345 0.0300 0.0272 0.0055 0.0615 0.0080 0.0242 0.0201 0.0282 0.0659 0.0170 0.0198 0.0794 0.0277 0.0793 
          78 19 0.0615 0.0061 0.0475 0.0462 0.0103 0.0106 0.0453 0.0333 0.0053 0.0311 0.0053 0.0089 0.0216 0.0575 0.0270 0.0114 0.0428 0.0651 0.4348 0.0284 
          79  1 0.0327 0.0606 0.0391 0.0681 0.0700 0.0208 0.0391 0.0383 0.0163 0.0205 0.0110 0.0141 0.0361 0.1032 0.0564 0.1823 0.0222 0.0646 0.0717 0.0327 
          82  7 0.0562 0.0173 0.0649 0.0615 0.0566 0.0522 0.0439 0.0433 0.0277 0.0362 0.0189 0.0336 0.0542 0.0535 0.1503 0.0362 0.0272 0.0750 0.0510 0.0404 
          86 10 0.0660 0.0360 0.0455 0.1970 0.0168 0.0270 0.0472 0.0345 0.0122 0.1010 0.0187 0.0310 0.0235 0.0502 0.0839 0.0078 0.0256 0.0664 0.0520 0.0577 
          91 13 0.0477 0.0066 0.0355 0.0901 0.0077 0.0409 0.0403 0.0874 0.0077 0.0310 0.0066 0.0074 0.0520 0.0588 0.1682 0.0072 0.0314 0.1500 0.0361 0.0874 
          92 13 0.0463 0.0065 0.0344 0.0717 0.0078 0.0233 0.0546 0.0879 0.0078 0.0296 0.0068 0.0076 0.0356 0.0401 0.2558 0.0079 0.0428 0.1386 0.0325 0.0625 
          93 13 0.0171 0.0054 0.0949 0.0688 0.0109 0.0111 0.0190 0.2870 0.0044 0.0315 0.0055 0.0067 0.1005 0.0452 0.0426 0.0097 0.1146 0.0666 0.0306 0.0281 
          97 13 0.0181 0.0055 0.0434 0.0479 0.0286 0.0401 0.0196 0.1094 0.0095 0.0207 0.0080 0.0313 0.2303 0.0629 0.0236 0.0052 0.1669 0.0780 0.0190 0.0320 
          98 13 0.0316 0.0057 0.0331 0.0457 0.0111 0.0209 0.0204 0.0486 0.0057 0.0283 0.0055 0.0068 0.1039 0.1788 0.0175 0.0068 0.1630 0.1202 0.0940 0.0523 
         102  7 0.0693 0.0121 0.0458 0.0558 0.0230 0.0488 0.0364 0.0591 0.0189 0.0624 0.0137 0.0167 0.0347 0.0542 0.1511 0.0144 0.0403 0.1244 0.0637 0.0554 
         104 14 0.0236 0.0093 0.0820 0.1025 0.0086 0.0129 0.0267 0.0185 0.0107 0.0469 0.0097 0.0146 0.0443 0.0251 0.0129 0.0259 0.4512 0.0274 0.0290 0.0180 
         106  7 0.0441 0.0055 0.1939 0.1127 0.0150 0.0167 0.1125 0.0338 0.0045 0.0405 0.0047 0.0091 0.0447 0.0884 0.0320 0.0270 0.0607 0.0402 0.0743 0.0395 
         111 20 0.0954 0.0049 0.1456 0.1972 0.0060 0.0220 0.1295 0.0173 0.0042 0.0451 0.0053 0.0108 0.0339 0.0270 0.0279 0.0073 0.1057 0.0418 0.0282 0.0448 
         113  3 0.0367 0.0064 0.3890 0.0947 0.0197 0.0147 0.0283 0.0342 0.0063 0.0754 0.0053 0.0061 0.0242 0.0372 0.0304 0.0080 0.0448 0.0557 0.0471 0.0358 
         115 18 0.0464 0.0102 0.1103 0.2813 0.0058 0.0310 0.0336 0.0358 0.0099 0.0681 0.0105 0.0111 0.0324 0.0492 0.0281 0.0117 0.0672 0.0544 0.0373 0.0658 
         116  1 0.1031 0.0062 0.1070 0.1551 0.0075 0.0455 0.1042 0.0340 0.0061 0.1106 0.0060 0.0055 0.0290 0.0241 0.0435 0.0054 0.1053 0.0352 0.0159 0.0510 
         127  3 0.0627 0.0105 0.1363 0.0167 0.0097 0.0325 0.1534 0.0306 0.0086 0.0341 0.0079 0.0160 0.0315 0.0584 0.0174 0.0881 0.0435 0.1136 0.0515 0.0768 
         130 14 0.0376 0.0045 0.0912 0.0700 0.0068 0.0808 0.0224 0.0347 0.0044 0.0415 0.0047 0.0068 0.1503 0.0603 0.0326 0.0138 0.1823 0.0626 0.0427 0.0501 
         132 15 0.0612 0.0086 0.1071 0.0328 0.0152 0.0135 0.1927 0.0593 0.0062 0.0602 0.0081 0.0066 0.0202 0.0330 0.1565 0.0210 0.0449 0.0685 0.0505 0.0339 
         135 14 0.0337 0.0061 0.0932 0.1041 0.0076 0.0523 0.0216 0.0284 0.0062 0.0466 0.0067 0.0097 0.0967 0.0516 0.0294 0.0122 0.2367 0.0568 0.0558 0.0446 
         138 18 0.0579 0.0088 0.0593 0.2135 0.0092 0.0365 0.0251 0.0465 0.0088 0.0297 0.0082 0.0069 0.0346 0.1032 0.0704 0.0499 0.0770 0.0615 0.0479 0.0450 
         146 13 0.0228 0.0040 0.1824 0.0619 0.0095 0.0202 0.0276 0.0163 0.0040 0.0440 0.0041 0.0054 0.0379 0.0712 0.0473 0.0135 0.1368 0.1196 0.1475 0.0241 
         150 13 0.0473 0.0060 0.1061 0.1979 0.0149 0.0324 0.0825 0.0747 0.0058 0.0290 0.0057 0.0084 0.0506 0.0567 0.0968 0.0171 0.0245 0.0400 0.0338 0.0698 
         151 15 0.0476 0.0119 0.2066 0.1256 0.0107 0.0187 0.1035 0.0159 0.0086 0.0340 0.0111 0.0062 0.0150 0.0431 0.2077 0.0085 0.0527 0.0253 0.0246 0.0223 
         152  4 0.0900 0.0075 0.2934 0.0884 0.0134 0.0152 0.1042 0.0185 0.0066 0.0316 0.0066 0.0192 0.0226 0.0494 0.0232 0.0267 0.0476 0.0440 0.0620 0.0298 
         154 19 0.0203 0.0056 0.1219 0.1084 0.0109 0.0115 0.0511 0.0661 0.0059 0.0192 0.0059 0.0079 0.0389 0.0696 0.0452 0.0122 0.2563 0.0512 0.0486 0.0432 
         156  1 0.0407 0.0035 0.1658 0.1117 0.0066 0.0163 0.2305 0.0188 0.0038 0.0114 0.0038 0.0058 0.0211 0.0201 0.2241 0.0087 0.0351 0.0303 0.0192 0.0228 
         160 16 0.0091 0.0059 0.0093 0.0086 0.0051 0.0076 0.0083 0.0103 0.0059 0.0079 0.0058 0.0057 0.0077 0.0082 0.0112 0.8431 0.0142 0.0096 0.0081 0.0083 
         161 16 0.0096 0.0054 0.0090 0.0091 0.0047 0.0081 0.0079 0.0096 0.0050 0.0083 0.0048 0.0061 0.0078 0.0084 0.0095 0.8472 0.0115 0.0095 0.0095 0.0091 
         162 16 0.0098 0.0054 0.0088 0.0093 0.0056 0.0101 0.0075 0.0105 0.0049 0.0088 0.0048 0.0059 0.0087 0.0090 0.0082 0.8453 0.0089 0.0092 0.0092 0.0099 
         169 16 0.0092 0.0049 0.0091 0.0084 0.0050 0.0101 0.0073 0.0109 0.0047 0.0087 0.0050 0.0063 0.0095 0.0080 0.0094 0.8468 0.0097 0.0093 0.0083 0.0093 
         170 16 0.0134 0.0063 0.0099 0.0091 0.0066 0.0152 0.0088 0.0131 0.0055 0.0108 0.0052 0.0061 0.0105 0.0116 0.0115 0.8084 0.0100 0.0126 0.0122 0.0132 
         171 14 0.0347 0.0054 0.0443 0.0508 0.0059 0.1088 0.0230 0.1048 0.0060 0.0193 0.0060 0.0245 0.0221 0.0633 0.0296 0.2045 0.0867 0.0785 0.0235 0.0583 
         175  1 0.0688 0.0087 0.0418 0.4554 0.0061 0.0515 0.0312 0.0182 0.0068 0.0556 0.0103 0.0084 0.0277 0.0150 0.0726 0.0068 0.0163 0.0288 0.0126 0.0573 
         177 10 0.0823 0.0500 0.0567 0.3025 0.0068 0.0436 0.0506 0.0114 0.0328 0.0565 0.0602 0.0179 0.0123 0.0136 0.0929 0.0086 0.0144 0.0227 0.0171 0.0470 
         180  1 0.0774 0.0077 0.0336 0.2418 0.0052 0.0472 0.0322 0.0298 0.0070 0.0440 0.0081 0.0144 0.0245 0.0283 0.0729 0.0320 0.0412 0.0859 0.0396 0.1272 
         186 17 0.0597 0.0493 0.0672 0.0664 0.0085 0.0351 0.0573 0.0304 0.0284 0.0601 0.0312 0.0470 0.0695 0.0454 0.0900 0.0164 0.0445 0.0582 0.0608 0.0744 
         187  1 0.0753 0.0086 0.0482 0.1694 0.0073 0.0855 0.0663 0.0287 0.0070 0.0747 0.0078 0.0093 0.0317 0.0308 0.1379 0.0068 0.0251 0.0503 0.0252 0.1041 
         188 17 0.0347 0.0103 0.0647 0.2879 0.0076 0.0269 0.0295 0.0256 0.0086 0.0522 0.0097 0.0161 0.0418 0.0488 0.0386 0.0080 0.0745 0.0598 0.0819 0.0727 
         189  4 0.0357 0.0258 0.0229 0.0621 0.0086 0.0276 0.0224 0.0200 0.0218 0.0322 0.0194 0.0635 0.1276 0.0557 0.0427 0.1132 0.1162 0.0690 0.0669 0.0466 
         190 18 0.0660 0.0069 0.0461 0.1173 0.0077 0.1268 0.0279 0.0418 0.0058 0.0633 0.0066 0.0101 0.0621 0.0473 0.1033 0.0191 0.0306 0.0743 0.0444 0.0924 
         191 20 0.0625 0.0115 0.0319 0.0412 0.0085 0.0305 0.0314 0.0358 0.0118 0.0458 0.0116 0.0127 0.2211 0.0617 0.0207 0.0101 0.1930 0.0587 0.0314 0.0682 
         198 14 0.0626 0.0082 0.0621 0.1171 0.0073 0.0775 0.0303 0.0735 0.0067 0.0635 0.0071 0.0081 0.0525 0.0616 0.1069 0.0172 0.0451 0.0690 0.0425 0.0813 
         206  3 0.1564 0.0089 0.1857 0.0571 0.0076 0.0209 0.1422 0.0209 0.0073 0.0529 0.0072 0.0192 0.0161 0.0266 0.0617 0.0361 0.0347 0.0621 0.0397 0.0368 
         210  3 0.0805 0.0099 0.0624 0.0262 0.0057 0.0662 0.0448 0.0411 0.0097 0.0324 0.0086 0.0048 0.0427 0.0494 0.2871 0.0078 0.0919 0.0592 0.0197 0.0500 
         212  8 0.0523 0.0062 0.0466 0.0449 0.0056 0.0688 0.0213 0.1503 0.0059 0.0267 0.0055 0.0106 0.0193 0.0411 0.0589 0.0453 0.2229 0.0976 0.0238 0.0466 
         215 18 0.0770 0.0144 0.0469 0.0749 0.0334 0.0442 0.0237 0.0598 0.0107 0.0873 0.0131 0.0075 0.0459 0.0602 0.0908 0.0172 0.1119 0.0579 0.0643 0.0589 
         217  1 0.0596 0.0618 0.0741 0.0967 0.0102 0.0269 0.0700 0.0316 0.0532 0.0444 0.0489 0.0185 0.0309 0.0410 0.0912 0.0148 0.1071 0.0430 0.0275 0.0486 
         228 13 0.0905 0.0067 0.2104 0.0800 0.0066 0.0387 0.0223 0.0310 0.0085 0.0801 0.0065 0.0079 0.0469 0.0357 0.0254 0.0130 0.0394 0.0928 0.0570 0.1008 
         229 13 0.0491 0.0039 0.1138 0.0921 0.0061 0.0181 0.0145 0.0634 0.0036 0.0909 0.0046 0.0050 0.2044 0.0270 0.0134 0.0067 0.0829 0.0461 0.0202 0.1342 
         231 13 0.0918 0.0062 0.0361 0.0633 0.0061 0.0240 0.0163 0.0388 0.0062 0.0811 0.0063 0.0075 0.0485 0.0630 0.0112 0.0080 0.0898 0.0617 0.0356 0.2984 
         234 17 0.1149 0.0178 0.0225 0.0261 0.0083 0.0335 0.0680 0.0341 0.0129 0.0331 0.0074 0.0145 0.1714 0.0646 0.0364 0.0227 0.0701 0.1484 0.0474 0.0460 
         240  7 0.1015 0.0057 0.0402 0.0423 0.0057 0.1063 0.0581 0.0353 0.0054 0.0405 0.0049 0.0054 0.0305 0.0510 0.2223 0.0082 0.0314 0.0760 0.0404 0.0890 
         245 14 0.0298 0.0079 0.0685 0.0700 0.0083 0.0192 0.0301 0.0735 0.0057 0.0325 0.0057 0.0111 0.0277 0.1198 0.0376 0.0879 0.0927 0.0776 0.1056 0.0885 
         248 20 0.0708 0.0119 0.0350 0.0396 0.0077 0.0454 0.0286 0.0474 0.0134 0.0355 0.0130 0.0116 0.1841 0.0822 0.0237 0.0210 0.1652 0.0634 0.0323 0.0686 
         254 13 0.0671 0.0208 0.0432 0.0469 0.0171 0.0242 0.0635 0.0399 0.0099 0.0587 0.0115 0.0338 0.0545 0.0551 0.0351 0.1470 0.0966 0.0493 0.0676 0.0582 
         255 13 0.0629 0.0071 0.0731 0.0464 0.0077 0.0429 0.0311 0.1091 0.0055 0.0598 0.0054 0.0079 0.0472 0.0661 0.0505 0.0236 0.1197 0.0745 0.0840 0.0755 
         269 13 0.0589 0.0222 0.1311 0.0795 0.0081 0.0335 0.0472 0.0429 0.0268 0.0390 0.0308 0.0136 0.1369 0.0325 0.0811 0.0128 0.0745 0.0485 0.0281 0.0521 
         271 14 0.0950 0.0093 0.0516 0.0716 0.0060 0.0991 0.0299 0.0676 0.0100 0.0406 0.0084 0.0082 0.0450 0.0573 0.0518 0.0234 0.0503 0.0868 0.0513 0.1369 
         273  1 0.1099 0.0152 0.3499 0.0377 0.0066 0.0211 0.0645 0.0181 0.0133 0.0420 0.0118 0.0163 0.0162 0.0311 0.0254 0.0124 0.0653 0.0550 0.0528 0.0355 
         274 14 0.0932 0.0110 0.0632 0.1186 0.0092 0.0302 0.0588 0.0277 0.0096 0.0417 0.0086 0.0106 0.0283 0.0861 0.0446 0.0239 0.0717 0.0684 0.1152 0.0793 
         277  4 0.1025 0.0159 0.0958 0.0761 0.0069 0.0691 0.0382 0.0373 0.0147 0.0503 0.0140 0.0084 0.0334 0.0610 0.0877 0.0230 0.0542 0.0723 0.0615 0.0778 
         279 14 0.0389 0.0069 0.0565 0.1422 0.0092 0.0358 0.0206 0.0371 0.0071 0.0371 0.0066 0.0074 0.0381 0.0551 0.0379 0.0205 0.2418 0.0679 0.0823 0.0510 
         280 18 0.0441 0.0129 0.0397 0.0227 0.0093 0.0369 0.0310 0.0423 0.0183 0.0209 0.0148 0.0195 0.1536 0.0392 0.0248 0.1276 0.1887 0.0605 0.0293 0.0638 
         281 16 0.0076 0.0056 0.0073 0.0063 0.0066 0.0075 0.0068 0.0081 0.0052 0.0068 0.0049 0.0080 0.0102 0.0081 0.0064 0.8595 0.0098 0.0080 0.0090 0.0083 
         283 13 0.0518 0.0119 0.0280 0.0226 0.0105 0.0309 0.0518 0.0491 0.0101 0.0261 0.0059 0.0131 0.2869 0.0843 0.0189 0.0108 0.0795 0.1070 0.0474 0.0535 
         285 17 0.0473 0.0095 0.0364 0.0206 0.0082 0.0280 0.0380 0.0609 0.0089 0.0290 0.0086 0.0110 0.1961 0.1021 0.0204 0.0141 0.1814 0.0629 0.0412 0.0753 
         286 13 0.0218 0.0044 0.1741 0.0620 0.0074 0.0211 0.0206 0.1307 0.0036 0.0392 0.0045 0.0067 0.1589 0.0382 0.0263 0.0121 0.1311 0.0454 0.0387 0.0533 
         294  7 0.0595 0.0060 0.1542 0.0538 0.0060 0.0298 0.0709 0.0492 0.0053 0.0441 0.0064 0.0061 0.0349 0.0411 0.1660 0.0119 0.1171 0.0558 0.0346 0.0469 
         298  7 0.0623 0.0066 0.4553 0.0344 0.0056 0.0293 0.0787 0.0256 0.0070 0.0312 0.0072 0.0101 0.0231 0.0289 0.0306 0.0077 0.0387 0.0475 0.0249 0.0453 
         300 14 0.0353 0.0051 0.0638 0.0366 0.0071 0.0180 0.0406 0.0898 0.0048 0.0281 0.0049 0.0064 0.0298 0.0343 0.1028 0.0483 0.2773 0.0776 0.0418 0.0478 
         301 17 0.0370 0.0083 0.0695 0.0499 0.0099 0.0357 0.0319 0.0303 0.0086 0.0833 0.0107 0.0111 0.3283 0.0197 0.0252 0.0184 0.0704 0.0749 0.0301 0.0469 
         303  1 0.0854 0.0051 0.0485 0.0388 0.0059 0.1196 0.0279 0.0846 0.0047 0.0436 0.0047 0.0071 0.0704 0.0483 0.0463 0.0346 0.0494 0.0851 0.0597 0.1302 
         306 20 0.0706 0.0057 0.0925 0.0644 0.0055 0.0880 0.0525 0.0363 0.0063 0.0328 0.0058 0.0055 0.0297 0.0461 0.1872 0.0099 0.0498 0.0758 0.0395 0.0961 
         310 13 0.0946 0.0069 0.0560 0.0266 0.0066 0.0249 0.0888 0.0638 0.0069 0.0324 0.0058 0.0065 0.0256 0.0301 0.1633 0.0286 0.1301 0.0880 0.0504 0.0641 
         311 17 0.0311 0.0047 0.0375 0.0293 0.0070 0.2488 0.0166 0.0678 0.0049 0.0209 0.0049 0.0063 0.1742 0.0535 0.0572 0.0155 0.0449 0.0624 0.0239 0.0886 
         315 16 0.0109 0.0077 0.0102 0.0094 0.0056 0.0095 0.0087 0.0115 0.0068 0.0095 0.0072 0.0070 0.0090 0.0089 0.0109 0.8265 0.0108 0.0103 0.0096 0.0099 
         318  4 0.1090 0.0157 0.0536 0.0822 0.0181 0.1000 0.0712 0.0331 0.0222 0.0880 0.0238 0.0094 0.0267 0.0462 0.0882 0.0126 0.0407 0.0548 0.0299 0.0745 
         321  1 0.1210 0.0161 0.0660 0.0953 0.0096 0.0663 0.1000 0.0319 0.0176 0.0639 0.0200 0.0070 0.0245 0.0344 0.0906 0.0109 0.0403 0.0584 0.0364 0.0896 
         325 19 0.0561 0.0078 0.2082 0.0757 0.0078 0.0227 0.0449 0.0286 0.0063 0.0464 0.0113 0.0071 0.0884 0.0544 0.0349 0.0472 0.0480 0.0715 0.0594 0.0733 
         334 19 0.0505 0.0126 0.0921 0.0673 0.0084 0.0349 0.0457 0.0591 0.0135 0.0400 0.0163 0.0091 0.0516 0.0761 0.0343 0.0182 0.0676 0.0905 0.0882 0.1239 
         335 13 0.0518 0.0145 0.0561 0.0306 0.0115 0.0493 0.0622 0.1028 0.0161 0.0381 0.0186 0.0129 0.1526 0.0499 0.0605 0.0311 0.0447 0.0677 0.0391 0.0899 
         340 20 0.1155 0.0063 0.0355 0.0153 0.0073 0.0635 0.0316 0.0839 0.0051 0.0534 0.0048 0.0064 0.0857 0.0732 0.0240 0.0208 0.0665 0.0950 0.0580 0.1480 
         341  7 0.0786 0.0205 0.0586 0.0171 0.0096 0.0708 0.0453 0.0758 0.0178 0.0324 0.0152 0.0431 0.0687 0.0609 0.0299 0.0171 0.1405 0.0871 0.0363 0.0746 
         342 13 0.0359 0.0273 0.1090 0.0385 0.0187 0.0177 0.0810 0.0286 0.0149 0.0406 0.0269 0.1567 0.1019 0.0225 0.0387 0.0137 0.0815 0.0403 0.0283 0.0771 
         343 18 0.0559 0.0083 0.0675 0.0987 0.0091 0.0148 0.0193 0.0526 0.0080 0.0855 0.0082 0.0092 0.0310 0.0661 0.0127 0.0083 0.1868 0.0502 0.0494 0.1585 
         344 17 0.1040 0.0075 0.0560 0.0374 0.0073 0.0247 0.0716 0.0768 0.0079 0.0478 0.0075 0.0081 0.0366 0.0282 0.0647 0.0312 0.1603 0.0957 0.0367 0.0898 
         345 16 0.0323 0.0103 0.0229 0.0153 0.0079 0.0179 0.0198 0.0198 0.0080 0.0177 0.0077 0.0120 0.0164 0.0175 0.0251 0.6496 0.0204 0.0247 0.0299 0.0249 
         346  3 0.0677 0.0078 0.0501 0.0454 0.0068 0.1361 0.0271 0.0572 0.0077 0.0261 0.0076 0.0122 0.0287 0.1161 0.0391 0.0146 0.1303 0.1153 0.0387 0.0656 
         348 14 0.0504 0.0066 0.0869 0.0620 0.0103 0.0295 0.0411 0.0558 0.0053 0.0595 0.0056 0.0079 0.0404 0.0626 0.0666 0.0117 0.1846 0.0634 0.0980 0.0518 
         349 18 0.0418 0.0054 0.0313 0.0459 0.0061 0.0522 0.0141 0.0410 0.0047 0.0323 0.0049 0.0067 0.0319 0.0597 0.0405 0.2949 0.0720 0.0821 0.0748 0.0578 
         350 14 0.0438 0.0307 0.0297 0.0334 0.0139 0.0301 0.0325 0.0335 0.0428 0.0267 0.0283 0.0359 0.1490 0.0506 0.0440 0.0999 0.1230 0.0581 0.0486 0.0456 
         351 17 0.1272 0.0085 0.0553 0.0524 0.0076 0.0257 0.0306 0.1010 0.0085 0.0825 0.0075 0.0086 0.0180 0.0355 0.0452 0.0224 0.0617 0.0658 0.0321 0.2039 
         357  7 0.0653 0.0154 0.1265 0.0495 0.0188 0.0255 0.0972 0.0466 0.0111 0.0748 0.0114 0.0197 0.0417 0.0704 0.0460 0.0087 0.0467 0.0899 0.0848 0.0499 
         363 12 0.0308 0.0308 0.0652 0.0826 0.0187 0.0132 0.0602 0.0302 0.0180 0.0245 0.0197 0.3692 0.0248 0.0393 0.0189 0.0243 0.0216 0.0410 0.0389 0.0280 
         364  3 0.0253 0.0105 0.1177 0.1950 0.0107 0.0221 0.0339 0.0618 0.0096 0.0807 0.0115 0.0290 0.0754 0.0623 0.0263 0.0059 0.0452 0.0727 0.0571 0.0472 
         365  1 0.0294 0.0100 0.0337 0.0576 0.0109 0.0275 0.0201 0.1123 0.0099 0.0533 0.0095 0.0247 0.1964 0.0887 0.0200 0.0257 0.0971 0.0914 0.0476 0.0342 
         366 18 0.0114 0.0036 0.0561 0.0325 0.0092 0.0174 0.0148 0.0658 0.0035 0.0235 0.0040 0.0060 0.5255 0.0406 0.0146 0.0038 0.0902 0.0380 0.0172 0.0223 
         367 18 0.0734 0.0111 0.0583 0.0413 0.0159 0.0248 0.0720 0.0694 0.0072 0.1352 0.0109 0.0110 0.0516 0.0645 0.0354 0.0276 0.0661 0.1116 0.0747 0.0379 
         369 13 0.0247 0.0085 0.0304 0.0285 0.0205 0.0536 0.0225 0.0851 0.0090 0.0179 0.0085 0.0157 0.1733 0.0577 0.1890 0.0682 0.0398 0.0864 0.0303 0.0303 
         370 18 0.0203 0.0062 0.0366 0.0718 0.0170 0.0192 0.0251 0.1233 0.0063 0.0235 0.0061 0.0069 0.1140 0.2599 0.0293 0.0061 0.0764 0.0761 0.0385 0.0374 
         371  4 0.0508 0.0082 0.0342 0.1817 0.0186 0.0190 0.0168 0.0975 0.0078 0.0620 0.0080 0.0089 0.0463 0.1903 0.0207 0.0090 0.0506 0.0638 0.0496 0.0562 
         372 18 0.0506 0.0064 0.0631 0.0555 0.0164 0.0233 0.0790 0.0890 0.0065 0.0198 0.0062 0.0128 0.1551 0.1192 0.0378 0.0071 0.0381 0.1030 0.0560 0.0551 
         374 13 0.0164 0.0076 0.0347 0.0575 0.0304 0.0283 0.0171 0.0712 0.0070 0.0215 0.0078 0.0114 0.2369 0.2048 0.0415 0.0066 0.0614 0.0610 0.0507 0.0262 
         376 13 0.0265 0.0059 0.0220 0.0237 0.0332 0.0315 0.0201 0.1318 0.0049 0.0442 0.0049 0.1226 0.0982 0.0720 0.0257 0.0061 0.0259 0.1192 0.1213 0.0603 
         377  7 0.0631 0.0112 0.1647 0.0991 0.0140 0.0333 0.0365 0.0296 0.0098 0.1685 0.0102 0.0089 0.0434 0.0579 0.0823 0.0048 0.0170 0.0760 0.0289 0.0409 
         378 13 0.0355 0.0078 0.0290 0.0286 0.0111 0.0222 0.0319 0.2920 0.0063 0.0589 0.0059 0.0101 0.0770 0.0629 0.0548 0.0071 0.0514 0.1057 0.0441 0.0577 
         379 18 0.0331 0.0074 0.0250 0.0629 0.0167 0.0432 0.0307 0.0636 0.0062 0.0472 0.0067 0.0638 0.1143 0.0898 0.0465 0.0078 0.0564 0.1242 0.0513 0.1033 
         380 18 0.0304 0.0101 0.0239 0.0828 0.0164 0.0370 0.0308 0.0493 0.0096 0.0384 0.0098 0.0767 0.1004 0.1024 0.0386 0.0066 0.0575 0.1257 0.0500 0.1036 
         382 14 0.0181 0.0095 0.0184 0.0241 0.0126 0.1124 0.0141 0.0746 0.0082 0.0213 0.0071 0.0081 0.2162 0.1409 0.1361 0.0050 0.0282 0.0773 0.0283 0.0395 
         389 18 0.0682 0.0116 0.0236 0.0742 0.0179 0.0486 0.0461 0.0512 0.0080 0.0651 0.0092 0.0250 0.1108 0.0909 0.0232 0.0097 0.0202 0.1014 0.0598 0.1355 
         394 18 0.0169 0.0112 0.0232 0.0759 0.0099 0.0168 0.0127 0.0655 0.0115 0.0214 0.0100 0.0116 0.0419 0.2586 0.0181 0.0127 0.1154 0.1256 0.0989 0.0422 
         395 18 0.0430 0.0076 0.0281 0.0971 0.0311 0.0785 0.0210 0.0983 0.0124 0.0662 0.0087 0.0223 0.0886 0.0677 0.0391 0.0071 0.0585 0.0982 0.0673 0.0592 
         396 16 0.0550 0.0111 0.0535 0.0756 0.0096 0.0338 0.0389 0.0763 0.0104 0.0496 0.0123 0.0080 0.0476 0.0995 0.1683 0.0089 0.0602 0.1050 0.0414 0.0350 
         397 13 0.0141 0.0124 0.0170 0.0224 0.0135 0.0123 0.0131 0.0563 0.0130 0.0173 0.0123 0.0231 0.2579 0.1797 0.0094 0.0098 0.1519 0.0736 0.0556 0.0354 
         398 20 0.0218 0.0069 0.0297 0.0157 0.0136 0.0199 0.0223 0.2580 0.0049 0.0347 0.0049 0.0099 0.0735 0.1618 0.0265 0.0083 0.0514 0.0874 0.1054 0.0436 
         402 14 0.0363 0.0069 0.0302 0.0311 0.0144 0.0285 0.0335 0.1148 0.0050 0.0363 0.0053 0.0115 0.0773 0.2227 0.0372 0.0148 0.0277 0.0997 0.1058 0.0610 
         404 13 0.0280 0.0064 0.0321 0.0359 0.0116 0.0255 0.0229 0.2175 0.0056 0.0353 0.0062 0.0090 0.1131 0.1153 0.0427 0.0136 0.0683 0.1146 0.0548 0.0415 
         406 14 0.0469 0.0104 0.0233 0.0642 0.0132 0.0531 0.0209 0.0564 0.0077 0.0453 0.0089 0.0128 0.0815 0.1577 0.0229 0.0173 0.0599 0.1400 0.0882 0.0694 
         407 14 0.0330 0.0067 0.0306 0.0900 0.0105 0.0508 0.0206 0.0873 0.0073 0.0329 0.0074 0.0096 0.1399 0.1392 0.0289 0.0072 0.0525 0.1181 0.0624 0.0653 
         408 12 0.0191 0.1588 0.0143 0.0228 0.0215 0.0145 0.0165 0.0280 0.1979 0.0161 0.0985 0.0889 0.0791 0.0664 0.0137 0.0084 0.0306 0.0451 0.0356 0.0243 
         409 14 0.0251 0.0057 0.0218 0.0396 0.0096 0.0239 0.0154 0.0830 0.0053 0.0258 0.0054 0.0074 0.0582 0.1567 0.0401 0.0438 0.1207 0.1808 0.0918 0.0399 
         412 13 0.0235 0.0094 0.0198 0.0186 0.0125 0.0733 0.0164 0.2370 0.0101 0.0219 0.0135 0.0352 0.1909 0.0794 0.0172 0.0185 0.0373 0.1035 0.0240 0.0382 
         416 18 0.0502 0.0112 0.0366 0.0335 0.0106 0.0211 0.0615 0.1230 0.0129 0.0378 0.0156 0.0080 0.0474 0.0730 0.1187 0.0170 0.0561 0.1661 0.0541 0.0458 
         421  4 0.0639 0.0094 0.2946 0.0452 0.0059 0.0283 0.1464 0.0271 0.0095 0.1171 0.0112 0.0080 0.0226 0.0232 0.0353 0.0102 0.0334 0.0380 0.0323 0.0385 
         422 18 0.0464 0.0108 0.2669 0.0865 0.0071 0.0187 0.0501 0.0212 0.0084 0.1609 0.0099 0.0177 0.0245 0.0242 0.0186 0.0141 0.0992 0.0313 0.0582 0.0254 
         426 16 0.0075 0.0066 0.0066 0.0061 0.0048 0.0075 0.0065 0.0080 0.0059 0.0066 0.0053 0.0068 0.0065 0.0077 0.0066 0.8713 0.0071 0.0073 0.0078 0.0076 
         428  1 0.2539 0.0098 0.0583 0.1609 0.0057 0.0163 0.1006 0.0149 0.0084 0.0866 0.0096 0.0560 0.0091 0.0135 0.0266 0.0073 0.0132 0.0300 0.0148 0.1046 
         429 18 0.0367 0.0096 0.0852 0.0309 0.0269 0.0600 0.0217 0.0266 0.0128 0.0298 0.0091 0.0239 0.0321 0.0315 0.0390 0.3516 0.0331 0.0521 0.0486 0.0386 
         430 17 0.0270 0.0076 0.0173 0.0228 0.0564 0.1240 0.0328 0.0220 0.0163 0.0220 0.0144 0.1090 0.1480 0.0266 0.0209 0.0079 0.0391 0.0528 0.0424 0.1906 
         431 14 0.0461 0.0074 0.0598 0.1154 0.0063 0.1141 0.0271 0.0291 0.0068 0.0778 0.0073 0.0149 0.1351 0.0522 0.0509 0.0083 0.0626 0.0669 0.0469 0.0650 
         433 18 0.0623 0.0126 0.0971 0.1393 0.0076 0.0337 0.1097 0.0571 0.0108 0.0927 0.0090 0.0254 0.0301 0.0354 0.0443 0.0108 0.0246 0.0480 0.0450 0.1044 
         435  1 0.0565 0.0118 0.1076 0.0616 0.0075 0.0272 0.0526 0.1042 0.0112 0.0992 0.0095 0.0113 0.0497 0.0526 0.0209 0.0079 0.1453 0.0547 0.0381 0.0704 
         437  7 0.0781 0.0110 0.1138 0.0917 0.0083 0.0305 0.1147 0.0764 0.0086 0.1058 0.0075 0.0124 0.0262 0.0507 0.0584 0.0150 0.0419 0.0457 0.0428 0.0605 
         446 18 0.0373 0.0081 0.1010 0.1470 0.0057 0.0229 0.0538 0.0533 0.0087 0.0636 0.0086 0.0152 0.0384 0.0439 0.0367 0.0136 0.1412 0.0799 0.0478 0.0732 
         449  3 0.0635 0.0099 0.1741 0.0926 0.0078 0.0156 0.0920 0.0543 0.0097 0.0646 0.0100 0.0134 0.0727 0.0306 0.0226 0.0151 0.0850 0.0577 0.0372 0.0715 
         451  7 0.0378 0.0084 0.3294 0.1489 0.0072 0.0351 0.0484 0.0374 0.0078 0.0391 0.0097 0.0258 0.0350 0.0324 0.0234 0.0097 0.0691 0.0404 0.0211 0.0341 
         456  7 0.0471 0.0086 0.3771 0.0784 0.0060 0.0208 0.1096 0.0430 0.0074 0.0470 0.0084 0.0183 0.0261 0.0188 0.0417 0.0103 0.0425 0.0301 0.0260 0.0326 
         457  8 0.0213 0.0100 0.3421 0.0236 0.0064 0.0139 0.0299 0.0187 0.0092 0.0264 0.0087 0.0087 0.0158 0.0886 0.0176 0.0070 0.1774 0.0528 0.1020 0.0199 
         462 13 0.0474 0.0047 0.0606 0.0302 0.0064 0.0279 0.0318 0.0394 0.0042 0.0624 0.0042 0.0067 0.0596 0.0696 0.0162 0.0128 0.3308 0.0668 0.0715 0.0469 
         463 13 0.0495 0.0079 0.0860 0.0338 0.0214 0.0234 0.0571 0.0657 0.0056 0.0615 0.0057 0.0091 0.0564 0.1287 0.0265 0.0108 0.0901 0.0716 0.1466 0.0426 
         464  3 0.0535 0.0048 0.2829 0.0248 0.0076 0.0133 0.2808 0.0186 0.0041 0.0644 0.0046 0.0086 0.0145 0.0155 0.0261 0.0056 0.1103 0.0254 0.0172 0.0175 
         467  4 0.0363 0.0073 0.3417 0.1054 0.0063 0.0264 0.0433 0.0395 0.0076 0.0647 0.0088 0.0107 0.0759 0.0188 0.0253 0.0071 0.0567 0.0374 0.0325 0.0483 
         472  3 0.0760 0.0106 0.1734 0.0941 0.0060 0.0486 0.0726 0.0318 0.0120 0.0701 0.0117 0.0109 0.0420 0.0487 0.0346 0.0084 0.0681 0.0596 0.0498 0.0710 
         474 18 0.0450 0.0073 0.0762 0.1487 0.0057 0.0456 0.0275 0.0391 0.0091 0.0486 0.0084 0.0122 0.0605 0.0687 0.0166 0.0184 0.1218 0.0832 0.0634 0.0938 
         475 15 0.0621 0.0079 0.1151 0.0400 0.0067 0.0292 0.1043 0.0913 0.0061 0.1466 0.0081 0.0100 0.0387 0.0286 0.0709 0.0239 0.0454 0.0653 0.0462 0.0535 
         484  4 0.0521 0.0174 0.2344 0.0632 0.0078 0.0249 0.2355 0.0174 0.0154 0.0881 0.0178 0.0098 0.0137 0.0160 0.0920 0.0044 0.0240 0.0205 0.0159 0.0297 
         485 13 0.0548 0.0114 0.0410 0.2911 0.0091 0.0530 0.0348 0.0259 0.0115 0.0394 0.0124 0.0139 0.0679 0.0795 0.0592 0.0103 0.0242 0.0530 0.0504 0.0572 
         486 18 0.1084 0.0121 0.0341 0.0694 0.0098 0.0256 0.0249 0.0312 0.0116 0.0263 0.0109 0.0089 0.0276 0.3000 0.0368 0.0240 0.0421 0.1188 0.0472 0.0302 
         489  1 0.0836 0.0193 0.0388 0.0568 0.0308 0.0308 0.0950 0.0288 0.0113 0.0646 0.0131 0.0340 0.1248 0.0608 0.0481 0.0175 0.0883 0.0430 0.0753 0.0352 
         490  7 0.0852 0.0175 0.0384 0.0604 0.0295 0.0316 0.1229 0.0242 0.0117 0.0594 0.0128 0.0230 0.1100 0.0673 0.0687 0.0116 0.0953 0.0404 0.0589 0.0313 
         494  7 0.0899 0.0356 0.1007 0.1208 0.0234 0.0308 0.1483 0.0265 0.0161 0.0743 0.0251 0.0152 0.0293 0.0481 0.0580 0.0095 0.0448 0.0302 0.0341 0.0392 
         500 13 0.0442 0.0049 0.0469 0.0674 0.0150 0.0301 0.0436 0.0459 0.0046 0.0265 0.0045 0.0085 0.0928 0.1694 0.0310 0.0454 0.0654 0.0814 0.0943 0.0781 
         502 13 0.0355 0.0057 0.0826 0.0492 0.0173 0.0213 0.0453 0.0747 0.0046 0.0411 0.0049 0.0094 0.0893 0.0974 0.0345 0.0123 0.1635 0.0469 0.1284 0.0361 
         507 18 0.0445 0.0085 0.0790 0.0438 0.0154 0.0847 0.0647 0.1191 0.0073 0.0313 0.0094 0.0139 0.0529 0.1287 0.0796 0.0119 0.0432 0.0804 0.0344 0.0474 
         509 14 0.0423 0.0078 0.0816 0.0594 0.0136 0.0265 0.0854 0.0620 0.0071 0.0378 0.0083 0.0054 0.0351 0.1153 0.2024 0.0123 0.0633 0.0531 0.0486 0.0329 
         512 20 0.1131 0.0296 0.0869 0.0974 0.0218 0.0445 0.1684 0.0202 0.0179 0.0692 0.0423 0.0117 0.0334 0.0364 0.0536 0.0144 0.0246 0.0334 0.0355 0.0456 
         513 14 0.0264 0.0069 0.0859 0.1890 0.0168 0.0200 0.0450 0.0452 0.0071 0.0313 0.0073 0.0092 0.0500 0.0951 0.0576 0.0086 0.1488 0.0481 0.0668 0.0349 
         514  1 0.0773 0.0320 0.0726 0.0933 0.0315 0.0751 0.0802 0.0182 0.0181 0.0524 0.0292 0.0168 0.0659 0.0571 0.0959 0.0077 0.0585 0.0376 0.0395 0.0411 
         515 16 0.0099 0.0087 0.0082 0.0090 0.0054 0.0112 0.0073 0.0112 0.0085 0.0091 0.0081 0.0090 0.0133 0.0107 0.0083 0.8208 0.0119 0.0102 0.0095 0.0097 
         518 16 0.0115 0.0179 0.0089 0.0082 0.0065 0.0094 0.0096 0.0106 0.0154 0.0098 0.0149 0.0143 0.0116 0.0103 0.0094 0.7908 0.0097 0.0100 0.0114 0.0098 
         519 16 0.0086 0.0068 0.0073 0.0070 0.0062 0.0100 0.0068 0.0098 0.0064 0.0084 0.0070 0.0086 0.0125 0.0086 0.0070 0.8435 0.0089 0.0087 0.0089 0.0089 
         520 16 0.0292 0.0114 0.0257 0.0186 0.0116 0.0269 0.0252 0.0275 0.0103 0.0279 0.0122 0.0191 0.0474 0.0342 0.0241 0.5095 0.0497 0.0286 0.0367 0.0241 
         521 16 0.0531 0.0165 0.0189 0.0412 0.0075 0.0546 0.0417 0.0315 0.0135 0.0222 0.0074 0.0183 0.0529 0.0462 0.0198 0.4015 0.0123 0.0703 0.0348 0.0358 
         523 16 0.0239 0.0307 0.0300 0.0217 0.0079 0.0309 0.0182 0.0252 0.0341 0.0230 0.0416 0.0922 0.0329 0.0152 0.0228 0.4722 0.0151 0.0192 0.0179 0.0255 
         524 16 0.0126 0.0072 0.0111 0.0125 0.0056 0.0137 0.0094 0.0126 0.0071 0.0109 0.0070 0.0116 0.0149 0.0158 0.0086 0.7768 0.0146 0.0149 0.0170 0.0161 
         526 19 0.0260 0.0208 0.0107 0.0181 0.0072 0.0095 0.0188 0.0093 0.0105 0.0141 0.0115 0.0312 0.0079 0.0149 0.0114 0.0127 0.0080 0.0199 0.7161 0.0216 
         531  1 0.0937 0.0089 0.0241 0.2050 0.0054 0.1625 0.0333 0.0273 0.0080 0.0619 0.0095 0.0102 0.0260 0.0309 0.1386 0.0074 0.0164 0.0418 0.0185 0.0705 
         532 19 0.0560 0.0117 0.0250 0.0411 0.0074 0.0376 0.0401 0.0317 0.0094 0.0250 0.0100 0.0729 0.0160 0.0367 0.0237 0.0181 0.0350 0.1898 0.2518 0.0610 
         533 18 0.1094 0.0111 0.0231 0.0651 0.0059 0.1163 0.0325 0.0370 0.0096 0.0604 0.0102 0.0185 0.0574 0.0433 0.0266 0.0092 0.0214 0.0744 0.0361 0.2323 
         534  1 0.0849 0.0165 0.0588 0.0900 0.0097 0.2349 0.0315 0.0242 0.0082 0.1430 0.0118 0.0160 0.0131 0.0336 0.0283 0.0106 0.0135 0.0375 0.0197 0.1142 
         541  7 0.0734 0.0189 0.0453 0.1295 0.0081 0.0554 0.0430 0.0641 0.0142 0.0656 0.0152 0.0261 0.0367 0.0519 0.0402 0.0100 0.0438 0.0639 0.0534 0.1413 
         542  1 0.1244 0.0170 0.0527 0.0903 0.0058 0.0559 0.0868 0.0391 0.0165 0.0584 0.0173 0.0147 0.0191 0.0206 0.1928 0.0092 0.0255 0.0475 0.0224 0.0841 
         544 18 0.0703 0.0154 0.0341 0.0319 0.0095 0.0311 0.1236 0.0382 0.0100 0.0395 0.0146 0.0622 0.0804 0.0822 0.0186 0.0283 0.0393 0.1281 0.0413 0.1015 
         545 19 0.0928 0.0141 0.0437 0.0650 0.0070 0.0406 0.0563 0.0672 0.0098 0.0616 0.0121 0.0238 0.0395 0.0574 0.0477 0.0220 0.0638 0.0888 0.0619 0.1248 
         546  7 0.1228 0.0115 0.0347 0.0578 0.0090 0.1018 0.0665 0.0549 0.0069 0.0975 0.0087 0.0207 0.0383 0.0362 0.0441 0.0118 0.0277 0.0548 0.0398 0.1544 
         548  7 0.1872 0.0090 0.0299 0.0826 0.0065 0.0336 0.0334 0.0528 0.0081 0.1062 0.0084 0.0116 0.0186 0.0318 0.0381 0.0126 0.0342 0.0563 0.0288 0.2103 
         552 18 0.0745 0.0353 0.0477 0.0786 0.0092 0.0434 0.1290 0.0396 0.0360 0.0444 0.0295 0.0295 0.0236 0.0350 0.1119 0.0069 0.0244 0.0507 0.0353 0.1157 
         554 13 0.0508 0.0059 0.2505 0.1485 0.0066 0.0337 0.0182 0.0257 0.0063 0.1142 0.0068 0.0073 0.0962 0.0259 0.0365 0.0074 0.0295 0.0574 0.0295 0.0430 
         555  7 0.1410 0.0083 0.1200 0.0639 0.0079 0.0434 0.0376 0.0232 0.0073 0.1460 0.0062 0.0113 0.0365 0.0435 0.0490 0.0182 0.0165 0.0738 0.0648 0.0815 
         556 18 0.0884 0.0057 0.0364 0.0672 0.0074 0.0918 0.0203 0.0861 0.0052 0.0987 0.0053 0.0170 0.0348 0.0578 0.0222 0.0058 0.0725 0.0806 0.0237 0.1732 
         559  1 0.0780 0.0212 0.0769 0.0686 0.0056 0.0793 0.0598 0.0188 0.0164 0.0718 0.0185 0.0134 0.0236 0.0233 0.2677 0.0067 0.0152 0.0400 0.0348 0.0604 
         560  4 0.0637 0.0066 0.4095 0.0784 0.0073 0.0187 0.0535 0.0276 0.0069 0.0559 0.0065 0.0077 0.0262 0.0268 0.0620 0.0063 0.0397 0.0425 0.0262 0.0278 
         564 18 0.0801 0.0073 0.0303 0.0238 0.0061 0.1934 0.0277 0.0967 0.0059 0.0406 0.0058 0.0117 0.0445 0.0981 0.0339 0.0089 0.0893 0.1010 0.0270 0.0680 
         568  3 0.1942 0.0076 0.1287 0.0280 0.0072 0.0233 0.1790 0.0297 0.0058 0.0768 0.0059 0.0171 0.0251 0.0310 0.0402 0.0172 0.0403 0.0665 0.0351 0.0415 
         569 14 0.0794 0.0182 0.0399 0.0765 0.0072 0.0621 0.0375 0.0478 0.0222 0.0556 0.0160 0.0138 0.0630 0.0670 0.0292 0.0072 0.0585 0.0854 0.0563 0.1573 
         570  1 0.1022 0.0658 0.0579 0.0290 0.0089 0.1336 0.0414 0.0284 0.0428 0.0495 0.0333 0.0200 0.0279 0.0394 0.1100 0.0323 0.0234 0.0486 0.0472 0.0584 
         571 18 0.0641 0.0066 0.0365 0.0565 0.0059 0.2649 0.0266 0.0652 0.0060 0.0373 0.0063 0.0111 0.0321 0.0855 0.0661 0.0085 0.0765 0.0796 0.0226 0.0420 
         575 18 0.0784 0.0092 0.0328 0.0508 0.0060 0.1227 0.0261 0.0755 0.0075 0.0620 0.0067 0.0097 0.0386 0.0528 0.1026 0.0247 0.0348 0.0917 0.0621 0.1052 
         576  7 0.1294 0.0299 0.0554 0.1118 0.0096 0.0635 0.0833 0.0238 0.0142 0.1116 0.0175 0.0329 0.0234 0.0245 0.0759 0.0188 0.0166 0.0362 0.0427 0.0791 
         580 18 0.0792 0.0149 0.0450 0.2464 0.0100 0.0547 0.0577 0.0231 0.0133 0.0909 0.0142 0.0134 0.0301 0.0327 0.0561 0.0060 0.0694 0.0449 0.0417 0.0566 
         582  6 0.0591 0.0096 0.0232 0.0271 0.0127 0.1712 0.0201 0.0413 0.0173 0.0424 0.0110 0.0086 0.1383 0.0954 0.0290 0.0058 0.1309 0.0641 0.0245 0.0683 
         583 16 0.0218 0.0195 0.0165 0.0165 0.0079 0.0314 0.0116 0.0234 0.0147 0.0166 0.0131 0.0181 0.0178 0.0175 0.0148 0.6716 0.0146 0.0165 0.0167 0.0196 
         584 16 0.0409 0.0708 0.0286 0.0236 0.0103 0.0284 0.0317 0.0353 0.0765 0.0221 0.0381 0.0379 0.0177 0.0196 0.0344 0.3724 0.0226 0.0280 0.0241 0.0369 
         592  7 0.0693 0.0110 0.0607 0.0587 0.0083 0.0487 0.0508 0.0854 0.0092 0.0652 0.0083 0.0069 0.0320 0.0885 0.1346 0.0078 0.1074 0.0578 0.0433 0.0461 
         593 18 0.0421 0.0141 0.0384 0.0397 0.0067 0.1566 0.0186 0.1153 0.0126 0.0349 0.0120 0.0095 0.1013 0.0868 0.0765 0.0127 0.0530 0.0648 0.0290 0.0756 
         599  4 0.0905 0.0211 0.0477 0.0877 0.0075 0.0717 0.0329 0.0788 0.0232 0.0601 0.0161 0.0124 0.0393 0.0579 0.0530 0.0128 0.0665 0.0731 0.0590 0.0887 
         604 18 0.0548 0.0078 0.0342 0.0478 0.0067 0.0564 0.0248 0.0479 0.0089 0.0459 0.0088 0.0114 0.1845 0.0612 0.0141 0.0068 0.0702 0.0778 0.0424 0.1875 
         612 18 0.0272 0.0052 0.0209 0.0159 0.0073 0.1668 0.0151 0.0365 0.0046 0.0263 0.0044 0.0075 0.3411 0.0586 0.0409 0.0068 0.0662 0.0547 0.0359 0.0581 
         613 18 0.0272 0.0051 0.0176 0.0139 0.0062 0.2418 0.0142 0.0401 0.0045 0.0233 0.0044 0.0069 0.3162 0.0519 0.0424 0.0075 0.0383 0.0518 0.0274 0.0594 
         615 15 0.0905 0.0070 0.0353 0.0170 0.0073 0.0355 0.1546 0.0346 0.0058 0.0399 0.0053 0.0095 0.0420 0.0665 0.0247 0.0082 0.0313 0.1830 0.0587 0.1434 
         616 17 0.0646 0.0107 0.0229 0.0172 0.0080 0.0286 0.0368 0.0636 0.0085 0.0489 0.0078 0.0187 0.1391 0.0530 0.0342 0.0505 0.1741 0.0882 0.0649 0.0596 
         620 13 0.0986 0.0081 0.0377 0.0327 0.0061 0.0555 0.0521 0.0819 0.0080 0.0568 0.0074 0.0104 0.0758 0.0441 0.0477 0.0124 0.0598 0.1076 0.0472 0.1501 
         623 18 0.0656 0.0096 0.0475 0.0392 0.0080 0.1320 0.0319 0.0539 0.0098 0.0400 0.0096 0.0158 0.0592 0.0337 0.1016 0.1048 0.0492 0.0748 0.0412 0.0725 
         624  3 0.0731 0.0084 0.0415 0.0363 0.0064 0.0860 0.0436 0.0642 0.0078 0.0325 0.0075 0.0168 0.0306 0.0832 0.0571 0.0109 0.1691 0.1283 0.0393 0.0575 
         625 18 0.0419 0.0061 0.0980 0.0710 0.0064 0.0312 0.0325 0.1265 0.0048 0.0657 0.0065 0.0091 0.1441 0.0322 0.0765 0.0152 0.0703 0.0678 0.0358 0.0586 
         626 18 0.0624 0.0062 0.0530 0.0413 0.0066 0.0499 0.0390 0.1386 0.0048 0.0777 0.0056 0.0109 0.0730 0.0443 0.0832 0.0264 0.0679 0.0799 0.0564 0.0729 
         627 10 0.0705 0.0070 0.0470 0.0379 0.0068 0.0934 0.0422 0.0837 0.0053 0.0700 0.0056 0.0084 0.0664 0.0792 0.0960 0.0114 0.0440 0.0774 0.0615 0.0863 
         630 18 0.0378 0.0076 0.0488 0.0827 0.0073 0.0438 0.0242 0.0605 0.0064 0.0569 0.0068 0.0136 0.0667 0.0896 0.0346 0.0168 0.1082 0.0886 0.1136 0.0855 
         634 18 0.0568 0.0310 0.0920 0.1641 0.0098 0.0389 0.0730 0.0259 0.0244 0.0718 0.0313 0.0311 0.0357 0.0363 0.0402 0.0062 0.0460 0.0456 0.0477 0.0924 
         635  4 0.0761 0.0098 0.0380 0.0761 0.0233 0.0810 0.0477 0.0343 0.0105 0.0869 0.0090 0.0320 0.0530 0.0788 0.0545 0.0190 0.0320 0.0644 0.0866 0.0870 
         639 17 0.0874 0.0070 0.0386 0.0506 0.0075 0.0299 0.0940 0.0286 0.0055 0.0477 0.0054 0.0094 0.0237 0.0679 0.1811 0.0267 0.0567 0.0845 0.0911 0.0568 
         640 13 0.0593 0.0190 0.0339 0.0531 0.0095 0.0604 0.0458 0.0518 0.0244 0.0469 0.0178 0.0465 0.1614 0.0410 0.0407 0.0112 0.0578 0.0640 0.0572 0.0984 
         641  7 0.1279 0.0124 0.0345 0.0718 0.0076 0.1346 0.0736 0.0279 0.0109 0.0680 0.0105 0.0105 0.0375 0.0449 0.0770 0.0075 0.0305 0.0645 0.0395 0.1084 
         642  1 0.0702 0.0057 0.0223 0.0485 0.0090 0.3429 0.0227 0.0441 0.0079 0.0635 0.0064 0.0134 0.0565 0.0264 0.0531 0.0101 0.0205 0.0531 0.0302 0.0935 
         647  7 0.0899 0.0135 0.0831 0.0207 0.0071 0.0584 0.0771 0.1048 0.0107 0.0625 0.0091 0.0079 0.0466 0.0650 0.0725 0.0069 0.0481 0.0651 0.0404 0.1105 
         651 13 0.0370 0.0070 0.0827 0.0591 0.0117 0.0313 0.0600 0.2243 0.0055 0.0606 0.0056 0.0181 0.0567 0.0423 0.0452 0.0144 0.0355 0.0440 0.0520 0.1069 
         660  7 0.1416 0.0251 0.0702 0.0463 0.0081 0.0359 0.0771 0.0395 0.0178 0.0895 0.0230 0.0135 0.0402 0.0362 0.0356 0.0148 0.1095 0.0603 0.0393 0.0764 
