           1 19 0.0000 0.0000 0.0000 0.0000 1.0000 0.0000 0.0000 0.0000 0.0000 0.0000 0.0000 0.0000 0.0000 0.0000 0.0000 0.0000 0.0000 0.0000 0.0000 0.0000 
           2  8 0.0007 0.0000 0.0004 0.0001 0.0017 0.0005 0.0013 0.9840 0.0000 0.0012 0.0000 0.0000 0.0007 0.0031 0.0003 0.0000 0.0001 0.0017 0.0032 0.0009 
           4 20 0.0043 0.0000 0.0020 0.0005 0.0007 0.0056 0.0010 0.0001 0.0000 0.0013 0.0000 0.0000 0.0007 0.0005 0.0009 0.0000 0.0011 0.0007 0.0018 0.9787 
           5 18 0.0006 0.0000 0.0001 0.0000 0.0000 0.0003 0.0002 0.0002 0.0000 0.0011 0.0000 0.0000 0.0010 0.0007 0.0000 0.0000 0.0005 0.9926 0.0015 0.0011 
           6  9 0.0000 0.0006 0.0000 0.0000 0.0000 0.0000 0.0000 0.0000 0.9991 0.0000 0.0002 0.0000 0.0000 0.0000 0.0000 0.0000 0.0000 0.0000 0.0000 0.0000 
           7 17 0.0001 0.0000 0.0003 0.0001 0.0001 0.0000 0.0266 0.0000 0.0000 0.0014 0.0000 0.0000 0.0000 0.0000 0.0000 0.0000 0.9712 0.0000 0.0000 0.0000 
           9 17 0.0458 0.0062 0.0468 0.0426 0.0070 0.1235 0.0272 0.2142 0.0058 0.0569 0.0061 0.0100 0.0790 0.0331 0.0603 0.0134 0.0252 0.0561 0.0299 0.1108 
          11  9 0.0089 0.1613 0.0081 0.0055 0.3089 0.0305 0.0093 0.0088 0.0205 0.0080 0.0131 0.0146 0.0118 0.0140 0.0083 0.3269 0.0077 0.0125 0.0125 0.0087 
          12  3 0.0295 0.0095 0.0359 0.0294 0.0103 0.1336 0.0274 0.0963 0.0121 0.0221 0.0095 0.0716 0.0268 0.0736 0.0201 0.0048 0.2427 0.0800 0.0256 0.0392 
          13  3 0.0287 0.0240 0.0249 0.0166 0.2432 0.0203 0.0285 0.0251 0.0485 0.0293 0.0459 0.0336 0.0219 0.0483 0.0192 0.0048 0.0198 0.1263 0.1285 0.0626 
          16 14 0.0307 0.0257 0.0467 0.0280 0.1721 0.0187 0.0694 0.0668 0.0046 0.0268 0.0058 0.0051 0.0326 0.1101 0.0569 0.0347 0.0297 0.1652 0.0483 0.0221 
          21  6 0.0041 0.0000 0.0006 0.0391 0.0000 0.9444 0.0010 0.0000 0.0000 0.0045 0.0000 0.0000 0.0002 0.0003 0.0008 0.0000 0.0005 0.0009 0.0013 0.0022 
          24 13 0.0000 0.0000 0.0000 0.0000 0.0001 0.0001 0.0000 0.0000 0.0000 0.0000 0.0001 0.0000 0.9991 0.0000 0.0000 0.0004 0.0000 0.0000 0.0000 0.0000 
          28  1 0.9952 0.0000 0.0001 0.0001 0.0000 0.0002 0.0010 0.0001 0.0000 0.0002 0.0000 0.0000 0.0002 0.0005 0.0000 0.0000 0.0000 0.0003 0.0006 0.0015 
          32 18 0.0001 0.0000 0.0003 0.0001 0.0000 0.0003 0.0000 0.0002 0.0000 0.0007 0.0000 0.0000 0.0023 0.0006 0.0001 0.0000 0.0000 0.9946 0.0005 0.0003 
          33 13 0.0808 0.0121 0.0610 0.0367 0.0067 0.0478 0.0394 0.0851 0.0098 0.0427 0.0081 0.0083 0.0348 0.0968 0.0579 0.0212 0.0732 0.0891 0.0793 0.1093 
          34 17 0.0776 0.0098 0.0352 0.0351 0.0104 0.0269 0.0653 0.0336 0.0077 0.0552 0.0096 0.0094 0.1325 0.0282 0.0607 0.0224 0.0717 0.2265 0.0417 0.0404 
          35 20 0.1144 0.0395 0.0310 0.0708 0.0146 0.0750 0.0617 0.0386 0.0223 0.0806 0.0228 0.0431 0.0438 0.0543 0.0268 0.0239 0.0276 0.0500 0.0636 0.0958 
          37 10 0.0344 0.0074 0.0477 0.0383 0.0119 0.0165 0.0176 0.1740 0.0052 0.1644 0.0057 0.0139 0.0296 0.0700 0.0184 0.0113 0.1419 0.0450 0.0710 0.0758 
          39 19 0.0000 0.0000 0.0000 0.0000 0.0001 0.0000 0.0000 0.0000 0.0000 0.0000 0.0000 0.0000 0.0000 0.0000 0.0000 0.0000 0.0000 0.0000 0.9998 0.0000 
          42 19 0.0000 0.0000 0.0001 0.0000 0.0002 0.0001 0.0028 0.0004 0.0000 0.0001 0.0000 0.0000 0.0001 0.0015 0.0001 0.0000 0.0001 0.0003 0.9939 0.0002 
          44  7 0.0003 0.0000 0.0000 0.0004 0.0003 0.0001 0.9956 0.0000 0.0000 0.0004 0.0000 0.0000 0.0000 0.0007 0.0004 0.0000 0.0000 0.0002 0.0006 0.0008 
          45 17 0.0054 0.0000 0.0005 0.0015 0.0000 0.0038 0.0015 0.0004 0.0000 0.0014 0.0000 0.0000 0.0003 0.0008 0.0013 0.0000 0.9786 0.0012 0.0004 0.0028 
          49 12 0.0552 0.0337 0.0289 0.0377 0.0251 0.0461 0.0269 0.0368 0.0267 0.0319 0.0136 0.0232 0.0686 0.1192 0.0222 0.0230 0.0328 0.2044 0.1014 0.0427 
          55 13 0.0140 0.0038 0.0214 0.0352 0.0153 0.0251 0.0139 0.0549 0.0037 0.0276 0.0037 0.0053 0.2137 0.1079 0.0855 0.0130 0.0315 0.2586 0.0434 0.0224 
          57 13 0.0216 0.0085 0.0237 0.0952 0.0115 0.0202 0.0181 0.2529 0.0081 0.0294 0.0080 0.0101 0.0620 0.0984 0.0734 0.0076 0.0239 0.1543 0.0322 0.0408 
          59 18 0.0118 0.0126 0.0189 0.1304 0.0153 0.0096 0.0100 0.0597 0.0124 0.0166 0.0102 0.0096 0.0275 0.2982 0.0174 0.0087 0.0977 0.1310 0.0798 0.0225 
          64 13 0.0153 0.0100 0.0124 0.0120 0.0192 0.0157 0.0115 0.0872 0.0094 0.0124 0.0078 0.0290 0.1186 0.3052 0.0087 0.0074 0.1108 0.1427 0.0409 0.0237 
          65 13 0.0109 0.0095 0.0138 0.0238 0.0177 0.0094 0.0100 0.0608 0.0101 0.0133 0.0096 0.0162 0.2483 0.2732 0.0087 0.0085 0.0885 0.0950 0.0474 0.0253 
          66 13 0.0128 0.0054 0.0270 0.0403 0.0444 0.0298 0.0145 0.1469 0.0091 0.0167 0.0078 0.0317 0.2764 0.0931 0.0186 0.0042 0.0882 0.0937 0.0174 0.0220 
          67 20 0.0148 0.0066 0.0230 0.0205 0.0237 0.0132 0.0166 0.1869 0.0052 0.0196 0.0049 0.0075 0.0669 0.3007 0.0259 0.0060 0.0377 0.1158 0.0753 0.0291 
          69 14 0.0156 0.0048 0.0187 0.0374 0.0154 0.0338 0.0097 0.1255 0.0046 0.0156 0.0049 0.0118 0.0793 0.2933 0.0140 0.0079 0.0706 0.1735 0.0393 0.0245 
          71 13 0.0164 0.0052 0.0200 0.0412 0.0144 0.0244 0.0116 0.1748 0.0047 0.0207 0.0051 0.0069 0.1460 0.2466 0.0218 0.0090 0.0262 0.1282 0.0436 0.0332 
          74 17 0.0750 0.0086 0.0532 0.0506 0.0130 0.0663 0.0477 0.0590 0.0083 0.0510 0.0082 0.0213 0.0459 0.0665 0.0213 0.0066 0.1150 0.1399 0.0503 0.0923 
          75 16 0.0285 0.0062 0.0179 0.0131 0.0070 0.0150 0.0180 0.0164 0.0056 0.0186 0.0055 0.0091 0.0149 0.0296 0.0134 0.6359 0.0142 0.0696 0.0338 0.0279 
          77  1 0.0685 0.0090 0.0172 0.3649 0.0090 0.0351 0.0296 0.0270 0.0054 0.0606 0.0081 0.0245 0.0200 0.0281 0.0657 0.0166 0.0200 0.0812 0.0275 0.0818 
          78 19 0.0621 0.0060 0.0474 0.0462 0.0104 0.0104 0.0462 0.0345 0.0053 0.0305 0.0053 0.0088 0.0218 0.0579 0.0272 0.0114 0.0433 0.0646 0.4325 0.0282 
          79  1 0.0337 0.0592 0.0396 0.0661 0.0693 0.0206 0.0395 0.0386 0.0168 0.0209 0.0113 0.0146 0.0371 0.1042 0.0568 0.1771 0.0224 0.0645 0.0744 0.0334 
          82  7 0.0557 0.0174 0.0634 0.0616 0.0564 0.0542 0.0451 0.0418 0.0275 0.0357 0.0188 0.0328 0.0547 0.0532 0.1522 0.0370 0.0271 0.0752 0.0504 0.0398 
          86 10 0.0648 0.0355 0.0447 0.2005 0.0166 0.0277 0.0468 0.0338 0.0121 0.1025 0.0183 0.0312 0.0231 0.0501 0.0825 0.0076 0.0251 0.0666 0.0525 0.0581 
          91 13 0.0496 0.0066 0.0333 0.0922 0.0079 0.0416 0.0391 0.0875 0.0078 0.0311 0.0066 0.0076 0.0509 0.0603 0.1655 0.0072 0.0303 0.1517 0.0368 0.0862 
          92 13 0.0460 0.0066 0.0343 0.0723 0.0078 0.0226 0.0553 0.0868 0.0079 0.0289 0.0067 0.0076 0.0348 0.0392 0.2565 0.0080 0.0438 0.1414 0.0316 0.0617 
          93 13 0.0162 0.0054 0.0948 0.0668 0.0107 0.0116 0.0187 0.2921 0.0044 0.0310 0.0054 0.0067 0.1013 0.0460 0.0423 0.0095 0.1131 0.0658 0.0304 0.0278 
          97 13 0.0179 0.0056 0.0440 0.0501 0.0294 0.0399 0.0196 0.1091 0.0092 0.0204 0.0082 0.0308 0.2310 0.0619 0.0235 0.0052 0.1686 0.0763 0.0187 0.0306 
          98 13 0.0316 0.0059 0.0335 0.0457 0.0111 0.0211 0.0202 0.0487 0.0057 0.0287 0.0055 0.0069 0.1058 0.1801 0.0171 0.0069 0.1572 0.1187 0.0960 0.0538 
         102  7 0.0706 0.0123 0.0455 0.0561 0.0227 0.0478 0.0364 0.0591 0.0189 0.0608 0.0136 0.0165 0.0356 0.0525 0.1506 0.0143 0.0393 0.1275 0.0637 0.0562 
         104 14 0.0234 0.0092 0.0821 0.0996 0.0086 0.0128 0.0266 0.0184 0.0105 0.0469 0.0095 0.0149 0.0442 0.0256 0.0128 0.0251 0.4554 0.0275 0.0288 0.0181 
         106  7 0.0445 0.0054 0.1887 0.1172 0.0150 0.0165 0.1129 0.0334 0.0045 0.0406 0.0046 0.0091 0.0441 0.0888 0.0320 0.0270 0.0610 0.0407 0.0744 0.0396 
         111 20 0.0954 0.0048 0.1463 0.1968 0.0059 0.0216 0.1318 0.0171 0.0042 0.0459 0.0052 0.0109 0.0342 0.0267 0.0270 0.0073 0.1068 0.0417 0.0274 0.0428 
         113  3 0.0364 0.0064 0.3808 0.0984 0.0198 0.0148 0.0283 0.0359 0.0062 0.0752 0.0053 0.0061 0.0244 0.0368 0.0307 0.0082 0.0454 0.0572 0.0479 0.0358 
         115 18 0.0470 0.0102 0.1123 0.2804 0.0056 0.0312 0.0343 0.0359 0.0100 0.0679 0.0104 0.0113 0.0342 0.0477 0.0278 0.0119 0.0677 0.0540 0.0363 0.0639 
         116  1 0.1029 0.0061 0.1053 0.1602 0.0074 0.0445 0.1038 0.0337 0.0061 0.1103 0.0059 0.0056 0.0290 0.0239 0.0441 0.0055 0.1053 0.0346 0.0155 0.0501 
         127  3 0.0623 0.0105 0.1343 0.0171 0.0096 0.0325 0.1496 0.0311 0.0086 0.0335 0.0079 0.0161 0.0317 0.0599 0.0173 0.0897 0.0428 0.1181 0.0511 0.0762 
         130 14 0.0378 0.0045 0.0886 0.0694 0.0069 0.0825 0.0221 0.0333 0.0044 0.0386 0.0047 0.0067 0.1486 0.0625 0.0312 0.0136 0.1876 0.0637 0.0426 0.0508 
         132 15 0.0609 0.0085 0.1101 0.0326 0.0150 0.0138 0.1914 0.0584 0.0062 0.0592 0.0080 0.0065 0.0208 0.0338 0.1557 0.0213 0.0454 0.0677 0.0509 0.0339 
         135 14 0.0342 0.0062 0.0956 0.1027 0.0077 0.0516 0.0217 0.0274 0.0062 0.0464 0.0067 0.0097 0.0963 0.0507 0.0301 0.0124 0.2400 0.0565 0.0532 0.0447 
         138 18 0.0582 0.0090 0.0602 0.2123 0.0093 0.0370 0.0256 0.0474 0.0086 0.0296 0.0081 0.0070 0.0353 0.1042 0.0675 0.0502 0.0763 0.0615 0.0482 0.0445 
         146 13 0.0227 0.0041 0.1853 0.0632 0.0095 0.0202 0.0276 0.0160 0.0040 0.0433 0.0041 0.0054 0.0374 0.0694 0.0481 0.0135 0.1347 0.1183 0.1499 0.0232 
         150 13 0.0474 0.0060 0.1057 0.1980 0.0152 0.0318 0.0799 0.0752 0.0059 0.0288 0.0057 0.0085 0.0500 0.0576 0.0978 0.0173 0.0242 0.0402 0.0339 0.0710 
         151 15 0.0453 0.0117 0.2061 0.1285 0.0106 0.0184 0.1013 0.0158 0.0086 0.0330 0.0111 0.0063 0.0148 0.0427 0.2150 0.0086 0.0518 0.0247 0.0241 0.0214 
         152  4 0.0913 0.0075 0.2940 0.0883 0.0132 0.0154 0.1062 0.0188 0.0067 0.0318 0.0066 0.0188 0.0226 0.0492 0.0226 0.0271 0.0483 0.0435 0.0599 0.0282 
         154 19 0.0200 0.0056 0.1226 0.1084 0.0107 0.0113 0.0503 0.0672 0.0059 0.0193 0.0059 0.0079 0.0394 0.0678 0.0438 0.0123 0.2577 0.0500 0.0504 0.0435 
         156  1 0.0422 0.0035 0.1642 0.1131 0.0067 0.0169 0.2309 0.0189 0.0037 0.0113 0.0037 0.0059 0.0213 0.0198 0.2226 0.0086 0.0357 0.0288 0.0195 0.0227 
         160 16 0.0093 0.0058 0.0092 0.0084 0.0050 0.0075 0.0083 0.0102 0.0060 0.0079 0.0057 0.0056 0.0076 0.0082 0.0110 0.8444 0.0140 0.0095 0.0081 0.0082 
         161 16 0.0095 0.0054 0.0089 0.0094 0.0047 0.0079 0.0079 0.0099 0.0049 0.0084 0.0048 0.0060 0.0079 0.0085 0.0094 0.8475 0.0112 0.0094 0.0094 0.0089 
         162 16 0.0103 0.0054 0.0088 0.0093 0.0056 0.0101 0.0074 0.0102 0.0050 0.0087 0.0048 0.0059 0.0088 0.0090 0.0085 0.8447 0.0090 0.0095 0.0093 0.0097 
         169 16 0.0092 0.0050 0.0089 0.0085 0.0051 0.0101 0.0073 0.0109 0.0047 0.0087 0.0050 0.0063 0.0093 0.0082 0.0094 0.8465 0.0098 0.0094 0.0083 0.0094 
         170 16 0.0132 0.0063 0.0102 0.0093 0.0064 0.0148 0.0087 0.0128 0.0055 0.0109 0.0051 0.0061 0.0101 0.0118 0.0113 0.8090 0.0101 0.0129 0.0121 0.0133 
         171 14 0.0346 0.0054 0.0440 0.0523 0.0060 0.1085 0.0227 0.1047 0.0059 0.0190 0.0060 0.0243 0.0220 0.0617 0.0296 0.2040 0.0878 0.0805 0.0228 0.0581 
         175  1 0.0720 0.0087 0.0408 0.4488 0.0061 0.0539 0.0322 0.0182 0.0067 0.0563 0.0103 0.0084 0.0275 0.0152 0.0749 0.0068 0.0160 0.0289 0.0128 0.0555 
         177 10 0.0854 0.0503 0.0561 0.2982 0.0067 0.0442 0.0506 0.0113 0.0322 0.0563 0.0601 0.0179 0.0124 0.0137 0.0945 0.0086 0.0138 0.0226 0.0168 0.0483 
         180  1 0.0763 0.0077 0.0340 0.2387 0.0051 0.0477 0.0304 0.0295 0.0070 0.0443 0.0081 0.0145 0.0250 0.0286 0.0731 0.0316 0.0409 0.0886 0.0392 0.1297 
         186 17 0.0613 0.0494 0.0685 0.0662 0.0085 0.0354 0.0566 0.0307 0.0284 0.0609 0.0319 0.0463 0.0695 0.0453 0.0896 0.0164 0.0440 0.0574 0.0596 0.0740 
         187  1 0.0762 0.0084 0.0475 0.1709 0.0072 0.0862 0.0678 0.0288 0.0068 0.0739 0.0078 0.0091 0.0323 0.0315 0.1382 0.0068 0.0247 0.0490 0.0252 0.1017 
         188 17 0.0351 0.0101 0.0644 0.2979 0.0075 0.0264 0.0291 0.0247 0.0088 0.0515 0.0097 0.0158 0.0409 0.0477 0.0375 0.0078 0.0744 0.0586 0.0784 0.0738 
         189  4 0.0359 0.0262 0.0225 0.0619 0.0084 0.0282 0.0221 0.0203 0.0221 0.0323 0.0198 0.0626 0.1287 0.0550 0.0426 0.1125 0.1158 0.0694 0.0664 0.0473 
         190 18 0.0673 0.0069 0.0458 0.1171 0.0075 0.1251 0.0277 0.0427 0.0059 0.0643 0.0066 0.0099 0.0630 0.0468 0.1032 0.0197 0.0311 0.0742 0.0433 0.0919 
         191 20 0.0637 0.0114 0.0315 0.0419 0.0085 0.0310 0.0325 0.0353 0.0117 0.0455 0.0114 0.0128 0.2203 0.0648 0.0209 0.0103 0.1904 0.0570 0.0315 0.0675 
         198 14 0.0629 0.0083 0.0631 0.1139 0.0072 0.0798 0.0299 0.0743 0.0068 0.0632 0.0073 0.0080 0.0511 0.0625 0.1088 0.0171 0.0438 0.0694 0.0410 0.0815 
         206  3 0.1596 0.0089 0.1841 0.0573 0.0079 0.0205 0.1428 0.0204 0.0072 0.0525 0.0072 0.0192 0.0158 0.0260 0.0628 0.0354 0.0348 0.0616 0.0397 0.0363 
         210  3 0.0807 0.0099 0.0613 0.0258 0.0057 0.0677 0.0456 0.0416 0.0098 0.0313 0.0086 0.0049 0.0428 0.0498 0.2904 0.0077 0.0910 0.0581 0.0191 0.0481 
         212  8 0.0532 0.0061 0.0461 0.0448 0.0055 0.0697 0.0212 0.1524 0.0059 0.0270 0.0055 0.0105 0.0194 0.0424 0.0573 0.0440 0.2206 0.0990 0.0233 0.0462 
         215 18 0.0771 0.0144 0.0471 0.0755 0.0338 0.0442 0.0233 0.0604 0.0108 0.0866 0.0133 0.0075 0.0459 0.0592 0.0920 0.0171 0.1109 0.0574 0.0649 0.0588 
         217  1 0.0587 0.0609 0.0734 0.0968 0.0104 0.0276 0.0691 0.0311 0.0529 0.0454 0.0498 0.0181 0.0318 0.0416 0.0940 0.0147 0.1049 0.0425 0.0269 0.0494 
         228 13 0.0889 0.0067 0.2100 0.0791 0.0067 0.0401 0.0223 0.0319 0.0085 0.0811 0.0064 0.0080 0.0474 0.0374 0.0256 0.0128 0.0385 0.0921 0.0558 0.1006 
         229 13 0.0492 0.0039 0.1137 0.0922 0.0062 0.0179 0.0139 0.0646 0.0036 0.0892 0.0046 0.0050 0.2042 0.0268 0.0131 0.0066 0.0840 0.0453 0.0191 0.1369 
         231 13 0.0893 0.0062 0.0361 0.0612 0.0060 0.0248 0.0168 0.0381 0.0063 0.0807 0.0062 0.0073 0.0494 0.0635 0.0111 0.0078 0.0891 0.0618 0.0338 0.3045 
         234 17 0.1134 0.0177 0.0228 0.0258 0.0082 0.0340 0.0694 0.0338 0.0128 0.0332 0.0075 0.0143 0.1689 0.0661 0.0359 0.0226 0.0691 0.1512 0.0467 0.0465 
         240  7 0.1035 0.0056 0.0399 0.0416 0.0057 0.1103 0.0560 0.0349 0.0054 0.0409 0.0048 0.0054 0.0308 0.0499 0.2256 0.0082 0.0314 0.0738 0.0387 0.0877 
         245 14 0.0293 0.0080 0.0666 0.0697 0.0083 0.0187 0.0300 0.0731 0.0057 0.0314 0.0056 0.0110 0.0275 0.1196 0.0372 0.0892 0.0929 0.0807 0.1072 0.0883 
         248 20 0.0716 0.0121 0.0346 0.0389 0.0076 0.0447 0.0278 0.0480 0.0134 0.0350 0.0128 0.0115 0.1920 0.0805 0.0230 0.0210 0.1640 0.0620 0.0326 0.0670 
         254 13 0.0659 0.0206 0.0428 0.0471 0.0174 0.0239 0.0629 0.0402 0.0100 0.0588 0.0116 0.0330 0.0534 0.0564 0.0349 0.1478 0.0976 0.0485 0.0682 0.0591 
         255 13 0.0623 0.0070 0.0728 0.0461 0.0077 0.0438 0.0315 0.1074 0.0054 0.0595 0.0054 0.0079 0.0474 0.0673 0.0500 0.0234 0.1230 0.0730 0.0845 0.0746 
         269 13 0.0588 0.0225 0.1305 0.0788 0.0081 0.0333 0.0483 0.0427 0.0269 0.0376 0.0300 0.0137 0.1375 0.0329 0.0817 0.0127 0.0759 0.0491 0.0278 0.0512 
         271 14 0.0945 0.0094 0.0512 0.0710 0.0060 0.0968 0.0292 0.0704 0.0099 0.0404 0.0084 0.0082 0.0447 0.0575 0.0528 0.0235 0.0502 0.0873 0.0530 0.1357 
         273  1 0.1121 0.0145 0.3472 0.0371 0.0065 0.0222 0.0659 0.0181 0.0136 0.0411 0.0119 0.0169 0.0165 0.0305 0.0255 0.0125 0.0641 0.0558 0.0521 0.0358 
         274 14 0.0918 0.0110 0.0633 0.1201 0.0090 0.0307 0.0575 0.0273 0.0097 0.0417 0.0085 0.0106 0.0290 0.0889 0.0453 0.0238 0.0700 0.0677 0.1153 0.0789 
         277  4 0.1031 0.0157 0.0984 0.0744 0.0070 0.0691 0.0376 0.0368 0.0146 0.0494 0.0138 0.0083 0.0338 0.0606 0.0872 0.0232 0.0555 0.0724 0.0625 0.0768 
         279 14 0.0400 0.0069 0.0565 0.1400 0.0092 0.0350 0.0202 0.0367 0.0072 0.0366 0.0066 0.0075 0.0391 0.0559 0.0384 0.0202 0.2431 0.0678 0.0825 0.0508 
         280 18 0.0438 0.0128 0.0394 0.0227 0.0095 0.0375 0.0310 0.0425 0.0182 0.0208 0.0149 0.0192 0.1543 0.0393 0.0246 0.1285 0.1834 0.0619 0.0295 0.0662 
         281 16 0.0076 0.0056 0.0073 0.0063 0.0066 0.0074 0.0067 0.0080 0.0052 0.0068 0.0049 0.0080 0.0101 0.0081 0.0062 0.8604 0.0098 0.0080 0.0089 0.0083 
         283 13 0.0524 0.0122 0.0284 0.0223 0.0105 0.0308 0.0516 0.0498 0.0100 0.0254 0.0058 0.0130 0.2897 0.0845 0.0187 0.0106 0.0813 0.1054 0.0465 0.0509 
         285 17 0.0465 0.0093 0.0351 0.0202 0.0083 0.0280 0.0387 0.0590 0.0091 0.0287 0.0085 0.0110 0.1999 0.1008 0.0207 0.0141 0.1829 0.0640 0.0408 0.0746 
         286 13 0.0216 0.0044 0.1684 0.0621 0.0074 0.0206 0.0214 0.1323 0.0037 0.0387 0.0045 0.0066 0.1613 0.0388 0.0269 0.0123 0.1298 0.0471 0.0384 0.0537 
         294  7 0.0578 0.0060 0.1528 0.0541 0.0061 0.0297 0.0694 0.0495 0.0054 0.0445 0.0064 0.0061 0.0334 0.0435 0.1668 0.0119 0.1197 0.0568 0.0338 0.0464 
         298  7 0.0647 0.0067 0.4563 0.0347 0.0056 0.0291 0.0759 0.0255 0.0069 0.0309 0.0071 0.0102 0.0231 0.0287 0.0308 0.0079 0.0379 0.0491 0.0245 0.0445 
         300 14 0.0354 0.0051 0.0633 0.0360 0.0070 0.0183 0.0401 0.0894 0.0049 0.0284 0.0049 0.0063 0.0306 0.0342 0.1059 0.0499 0.2734 0.0789 0.0405 0.0474 
         301 17 0.0363 0.0082 0.0693 0.0506 0.0100 0.0338 0.0316 0.0300 0.0085 0.0831 0.0107 0.0110 0.3303 0.0197 0.0255 0.0194 0.0730 0.0722 0.0296 0.0472 
         303  1 0.0857 0.0052 0.0484 0.0380 0.0059 0.1191 0.0269 0.0848 0.0048 0.0430 0.0047 0.0070 0.0696 0.0491 0.0476 0.0353 0.0484 0.0839 0.0620 0.1306 
         306 20 0.0690 0.0058 0.0921 0.0627 0.0055 0.0867 0.0515 0.0375 0.0064 0.0329 0.0057 0.0055 0.0312 0.0467 0.1868 0.0098 0.0505 0.0765 0.0377 0.0995 
         310 13 0.0935 0.0069 0.0541 0.0258 0.0067 0.0240 0.0883 0.0659 0.0069 0.0316 0.0059 0.0065 0.0255 0.0298 0.1651 0.0287 0.1303 0.0883 0.0506 0.0658 
         311 17 0.0322 0.0047 0.0374 0.0293 0.0071 0.2532 0.0164 0.0678 0.0048 0.0204 0.0049 0.0062 0.1741 0.0519 0.0556 0.0152 0.0450 0.0615 0.0233 0.0891 
         315 16 0.0109 0.0075 0.0103 0.0093 0.0056 0.0092 0.0088 0.0113 0.0068 0.0096 0.0075 0.0071 0.0090 0.0086 0.0108 0.8278 0.0106 0.0099 0.0096 0.0099 
         318  4 0.1103 0.0153 0.0520 0.0811 0.0188 0.0993 0.0731 0.0339 0.0222 0.0881 0.0240 0.0094 0.0261 0.0461 0.0877 0.0126 0.0401 0.0557 0.0297 0.0746 
         321  1 0.1217 0.0163 0.0677 0.0956 0.0097 0.0641 0.1004 0.0311 0.0172 0.0634 0.0202 0.0071 0.0241 0.0338 0.0916 0.0105 0.0409 0.0583 0.0364 0.0898 
         325 19 0.0555 0.0079 0.2075 0.0746 0.0080 0.0227 0.0452 0.0290 0.0064 0.0454 0.0115 0.0069 0.0886 0.0533 0.0344 0.0462 0.0495 0.0718 0.0591 0.0765 
         334 19 0.0502 0.0126 0.0928 0.0654 0.0082 0.0357 0.0471 0.0587 0.0134 0.0394 0.0162 0.0090 0.0512 0.0775 0.0336 0.0180 0.0677 0.0906 0.0868 0.1259 
         335 13 0.0524 0.0145 0.0566 0.0297 0.0118 0.0495 0.0624 0.1013 0.0165 0.0385 0.0183 0.0129 0.1526 0.0496 0.0602 0.0314 0.0461 0.0658 0.0391 0.0909 
         340 20 0.1150 0.0063 0.0351 0.0155 0.0072 0.0645 0.0309 0.0836 0.0050 0.0522 0.0049 0.0064 0.0885 0.0720 0.0238 0.0205 0.0661 0.0968 0.0585 0.1471 
         341  7 0.0773 0.0201 0.0576 0.0167 0.0096 0.0722 0.0464 0.0752 0.0181 0.0323 0.0151 0.0434 0.0674 0.0626 0.0285 0.0168 0.1394 0.0896 0.0363 0.0755 
         342 13 0.0349 0.0272 0.1112 0.0391 0.0192 0.0176 0.0792 0.0286 0.0149 0.0418 0.0268 0.1571 0.1024 0.0221 0.0396 0.0138 0.0811 0.0395 0.0275 0.0763 
         343 18 0.0560 0.0082 0.0660 0.0963 0.0089 0.0150 0.0194 0.0535 0.0080 0.0866 0.0083 0.0091 0.0303 0.0648 0.0125 0.0081 0.1889 0.0519 0.0476 0.1608 
         344 17 0.1036 0.0077 0.0569 0.0365 0.0072 0.0252 0.0712 0.0778 0.0079 0.0486 0.0075 0.0081 0.0354 0.0281 0.0654 0.0312 0.1570 0.0949 0.0366 0.0933 
         345 16 0.0314 0.0100 0.0224 0.0151 0.0079 0.0183 0.0192 0.0197 0.0081 0.0179 0.0077 0.0119 0.0160 0.0177 0.0250 0.6525 0.0201 0.0242 0.0301 0.0246 
         346  3 0.0683 0.0078 0.0487 0.0462 0.0067 0.1407 0.0269 0.0555 0.0077 0.0255 0.0076 0.0121 0.0286 0.1128 0.0378 0.0143 0.1333 0.1145 0.0384 0.0665 
         348 14 0.0501 0.0066 0.0889 0.0613 0.0102 0.0304 0.0411 0.0559 0.0053 0.0593 0.0056 0.0078 0.0403 0.0630 0.0659 0.0116 0.1813 0.0639 0.0999 0.0515 
         349 18 0.0413 0.0055 0.0301 0.0452 0.0060 0.0522 0.0143 0.0408 0.0047 0.0323 0.0049 0.0066 0.0322 0.0566 0.0417 0.2965 0.0737 0.0833 0.0739 0.0582 
         350 14 0.0441 0.0315 0.0294 0.0343 0.0136 0.0296 0.0318 0.0336 0.0429 0.0260 0.0281 0.0355 0.1488 0.0512 0.0449 0.1021 0.1215 0.0571 0.0479 0.0463 
         351 17 0.1268 0.0084 0.0543 0.0537 0.0075 0.0261 0.0300 0.1029 0.0084 0.0846 0.0075 0.0084 0.0186 0.0355 0.0442 0.0221 0.0621 0.0653 0.0320 0.2017 
         357  7 0.0625 0.0144 0.1289 0.0494 0.0189 0.0252 0.1012 0.0465 0.0106 0.0770 0.0110 0.0185 0.0403 0.0703 0.0460 0.0082 0.0450 0.0896 0.0884 0.0480 
         363 12 0.0315 0.0308 0.0667 0.0816 0.0180 0.0129 0.0600 0.0305 0.0185 0.0242 0.0196 0.3679 0.0254 0.0391 0.0187 0.0246 0.0213 0.0397 0.0403 0.0287 
         364  3 0.0251 0.0107 0.1209 0.1933 0.0107 0.0225 0.0341 0.0610 0.0093 0.0807 0.0114 0.0282 0.0748 0.0626 0.0267 0.0059 0.0447 0.0738 0.0571 0.0466 
         365  1 0.0298 0.0101 0.0339 0.0572 0.0111 0.0275 0.0202 0.1157 0.0100 0.0528 0.0094 0.0251 0.1925 0.0900 0.0195 0.0258 0.0963 0.0911 0.0478 0.0344 
         366 18 0.0113 0.0036 0.0553 0.0322 0.0092 0.0174 0.0147 0.0654 0.0036 0.0231 0.0040 0.0059 0.5338 0.0406 0.0143 0.0037 0.0875 0.0369 0.0166 0.0211 
         367 18 0.0759 0.0112 0.0575 0.0405 0.0159 0.0246 0.0722 0.0700 0.0073 0.1346 0.0109 0.0110 0.0512 0.0649 0.0348 0.0279 0.0664 0.1124 0.0743 0.0366 
         369 13 0.0243 0.0086 0.0312 0.0281 0.0202 0.0542 0.0221 0.0859 0.0089 0.0181 0.0085 0.0159 0.1716 0.0586 0.1916 0.0693 0.0385 0.0841 0.0299 0.0305 
         370 18 0.0203 0.0061 0.0360 0.0735 0.0173 0.0192 0.0251 0.1216 0.0064 0.0231 0.0060 0.0070 0.1161 0.2596 0.0290 0.0061 0.0755 0.0770 0.0373 0.0377 
         371  4 0.0487 0.0082 0.0344 0.1825 0.0182 0.0190 0.0168 0.0996 0.0079 0.0603 0.0078 0.0089 0.0459 0.1905 0.0211 0.0090 0.0499 0.0643 0.0494 0.0578 
         372 18 0.0519 0.0063 0.0646 0.0548 0.0162 0.0234 0.0786 0.0897 0.0066 0.0199 0.0062 0.0127 0.1541 0.1176 0.0381 0.0071 0.0389 0.1033 0.0544 0.0556 
         374 13 0.0160 0.0075 0.0339 0.0576 0.0296 0.0286 0.0172 0.0696 0.0069 0.0209 0.0076 0.0114 0.2407 0.2052 0.0419 0.0066 0.0626 0.0593 0.0504 0.0263 
         376 13 0.0259 0.0060 0.0221 0.0236 0.0321 0.0317 0.0206 0.1335 0.0049 0.0443 0.0049 0.1244 0.0993 0.0715 0.0262 0.0061 0.0265 0.1201 0.1178 0.0587 
         377  7 0.0634 0.0111 0.1604 0.0974 0.0141 0.0349 0.0370 0.0303 0.0096 0.1720 0.0103 0.0088 0.0437 0.0566 0.0806 0.0048 0.0172 0.0792 0.0280 0.0406 
         378 13 0.0351 0.0078 0.0301 0.0293 0.0111 0.0227 0.0329 0.2867 0.0063 0.0592 0.0059 0.0103 0.0763 0.0623 0.0547 0.0069 0.0524 0.1093 0.0440 0.0566 
         379 18 0.0321 0.0074 0.0248 0.0623 0.0173 0.0445 0.0309 0.0672 0.0063 0.0468 0.0067 0.0636 0.1181 0.0885 0.0482 0.0078 0.0556 0.1231 0.0506 0.0985 
         380 18 0.0294 0.0102 0.0241 0.0839 0.0169 0.0382 0.0301 0.0503 0.0094 0.0396 0.0100 0.0770 0.1009 0.1013 0.0393 0.0067 0.0550 0.1245 0.0501 0.1034 
         382 14 0.0181 0.0096 0.0181 0.0239 0.0126 0.1102 0.0137 0.0723 0.0083 0.0207 0.0071 0.0081 0.2182 0.1441 0.1397 0.0050 0.0279 0.0765 0.0276 0.0383 
         389 18 0.0690 0.0118 0.0241 0.0751 0.0179 0.0491 0.0449 0.0506 0.0079 0.0656 0.0093 0.0241 0.1061 0.0924 0.0232 0.0098 0.0202 0.1043 0.0593 0.1356 
         394 18 0.0170 0.0116 0.0231 0.0743 0.0098 0.0164 0.0127 0.0660 0.0115 0.0211 0.0100 0.0117 0.0419 0.2607 0.0184 0.0128 0.1140 0.1254 0.0993 0.0423 
         395 18 0.0427 0.0076 0.0288 0.0957 0.0309 0.0790 0.0204 0.0969 0.0124 0.0680 0.0087 0.0226 0.0901 0.0685 0.0379 0.0071 0.0587 0.1006 0.0664 0.0571 
         396 16 0.0541 0.0109 0.0535 0.0769 0.0096 0.0336 0.0389 0.0785 0.0106 0.0499 0.0122 0.0080 0.0488 0.0966 0.1703 0.0088 0.0599 0.1040 0.0400 0.0349 
         397 13 0.0143 0.0123 0.0167 0.0219 0.0135 0.0122 0.0129 0.0565 0.0131 0.0171 0.0122 0.0236 0.2600 0.1798 0.0093 0.0097 0.1499 0.0743 0.0558 0.0350 
         398 20 0.0212 0.0069 0.0300 0.0156 0.0137 0.0197 0.0224 0.2605 0.0050 0.0334 0.0049 0.0098 0.0757 0.1550 0.0263 0.0082 0.0524 0.0873 0.1076 0.0442 
         402 14 0.0365 0.0068 0.0299 0.0309 0.0138 0.0287 0.0333 0.1152 0.0051 0.0373 0.0053 0.0115 0.0788 0.2181 0.0368 0.0149 0.0273 0.1022 0.1067 0.0609 
         404 13 0.0278 0.0064 0.0324 0.0355 0.0116 0.0268 0.0228 0.2142 0.0056 0.0346 0.0063 0.0089 0.1080 0.1180 0.0429 0.0136 0.0691 0.1184 0.0533 0.0438 
         406 14 0.0460 0.0101 0.0233 0.0643 0.0130 0.0536 0.0213 0.0552 0.0078 0.0441 0.0091 0.0125 0.0801 0.1578 0.0230 0.0173 0.0600 0.1437 0.0880 0.0699 
         407 14 0.0329 0.0066 0.0302 0.0891 0.0104 0.0517 0.0195 0.0897 0.0074 0.0331 0.0075 0.0097 0.1394 0.1379 0.0283 0.0072 0.0543 0.1186 0.0624 0.0640 
         408 12 0.0183 0.1560 0.0141 0.0230 0.0214 0.0143 0.0168 0.0283 0.2029 0.0166 0.0949 0.0898 0.0811 0.0657 0.0135 0.0084 0.0305 0.0452 0.0352 0.0240 
         409 14 0.0244 0.0057 0.0214 0.0396 0.0097 0.0239 0.0156 0.0815 0.0053 0.0249 0.0054 0.0075 0.0586 0.1567 0.0396 0.0424 0.1159 0.1890 0.0938 0.0390 
         412 13 0.0234 0.0096 0.0195 0.0187 0.0127 0.0752 0.0165 0.2355 0.0102 0.0215 0.0135 0.0351 0.1901 0.0822 0.0172 0.0192 0.0379 0.1005 0.0243 0.0374 
         416 18 0.0504 0.0113 0.0361 0.0333 0.0107 0.0206 0.0618 0.1196 0.0128 0.0369 0.0155 0.0079 0.0478 0.0721 0.1185 0.0171 0.0563 0.1710 0.0542 0.0459 
         421  4 0.0646 0.0092 0.2933 0.0447 0.0060 0.0303 0.1454 0.0269 0.0098 0.1185 0.0114 0.0079 0.0236 0.0224 0.0343 0.0101 0.0340 0.0376 0.0318 0.0381 
         422 18 0.0469 0.0109 0.2658 0.0841 0.0070 0.0185 0.0498 0.0210 0.0084 0.1625 0.0100 0.0174 0.0242 0.0237 0.0186 0.0137 0.1031 0.0312 0.0582 0.0251 
         426 16 0.0074 0.0066 0.0065 0.0060 0.0048 0.0076 0.0065 0.0080 0.0058 0.0067 0.0053 0.0067 0.0065 0.0076 0.0065 0.8716 0.0070 0.0073 0.0079 0.0076 
         428  1 0.2543 0.0098 0.0582 0.1629 0.0057 0.0162 0.1013 0.0148 0.0084 0.0859 0.0094 0.0560 0.0089 0.0133 0.0265 0.0073 0.0130 0.0305 0.0142 0.1035 
         429 18 0.0359 0.0094 0.0831 0.0308 0.0236 0.0599 0.0212 0.0263 0.0123 0.0300 0.0091 0.0225 0.0318 0.0313 0.0392 0.3603 0.0325 0.0536 0.0475 0.0397 
         430 17 0.0282 0.0079 0.0174 0.0231 0.0574 0.1248 0.0332 0.0225 0.0166 0.0225 0.0145 0.1081 0.1474 0.0270 0.0206 0.0081 0.0377 0.0559 0.0421 0.1850 
         431 14 0.0445 0.0074 0.0606 0.1167 0.0064 0.1195 0.0278 0.0299 0.0067 0.0768 0.0073 0.0155 0.1304 0.0514 0.0504 0.0083 0.0635 0.0673 0.0470 0.0626 
         433 18 0.0618 0.0124 0.0972 0.1401 0.0077 0.0333 0.1096 0.0557 0.0109 0.0922 0.0090 0.0248 0.0309 0.0358 0.0450 0.0109 0.0253 0.0474 0.0444 0.1057 
         435  1 0.0561 0.0118 0.1109 0.0613 0.0076 0.0273 0.0533 0.1017 0.0115 0.1012 0.0095 0.0112 0.0500 0.0514 0.0205 0.0078 0.1438 0.0537 0.0370 0.0724 
         437  7 0.0787 0.0108 0.1168 0.0919 0.0085 0.0311 0.1152 0.0758 0.0085 0.1050 0.0074 0.0126 0.0261 0.0496 0.0574 0.0148 0.0426 0.0463 0.0418 0.0591 
         446 18 0.0382 0.0082 0.1014 0.1488 0.0057 0.0232 0.0545 0.0522 0.0086 0.0632 0.0086 0.0146 0.0385 0.0434 0.0371 0.0135 0.1364 0.0817 0.0487 0.0735 
         449  3 0.0643 0.0099 0.1741 0.0914 0.0077 0.0153 0.0923 0.0533 0.0096 0.0640 0.0101 0.0132 0.0738 0.0301 0.0228 0.0152 0.0870 0.0573 0.0368 0.0719 
         451  7 0.0383 0.0084 0.3315 0.1505 0.0072 0.0345 0.0480 0.0381 0.0075 0.0386 0.0097 0.0251 0.0344 0.0316 0.0232 0.0097 0.0688 0.0409 0.0205 0.0335 
         456  7 0.0481 0.0087 0.3909 0.0762 0.0059 0.0199 0.1036 0.0414 0.0075 0.0450 0.0085 0.0181 0.0268 0.0182 0.0413 0.0101 0.0422 0.0293 0.0256 0.0327 
         457  8 0.0209 0.0098 0.3434 0.0239 0.0065 0.0140 0.0295 0.0190 0.0090 0.0262 0.0088 0.0087 0.0156 0.0903 0.0174 0.0071 0.1786 0.0521 0.0993 0.0198 
         462 13 0.0468 0.0047 0.0594 0.0303 0.0063 0.0280 0.0315 0.0379 0.0042 0.0653 0.0042 0.0066 0.0606 0.0715 0.0158 0.0131 0.3273 0.0678 0.0726 0.0461 
         463 13 0.0492 0.0077 0.0857 0.0340 0.0208 0.0230 0.0559 0.0660 0.0055 0.0616 0.0058 0.0088 0.0573 0.1308 0.0266 0.0109 0.0903 0.0716 0.1461 0.0423 
         464  3 0.0540 0.0047 0.2785 0.0260 0.0075 0.0132 0.2820 0.0190 0.0042 0.0632 0.0046 0.0087 0.0147 0.0157 0.0263 0.0055 0.1134 0.0256 0.0161 0.0171 
         467  4 0.0360 0.0072 0.3452 0.1077 0.0062 0.0263 0.0425 0.0383 0.0076 0.0614 0.0086 0.0106 0.0762 0.0190 0.0255 0.0070 0.0566 0.0371 0.0319 0.0491 
         472  3 0.0755 0.0106 0.1771 0.0948 0.0059 0.0482 0.0721 0.0308 0.0122 0.0725 0.0116 0.0109 0.0426 0.0486 0.0342 0.0083 0.0678 0.0584 0.0483 0.0695 
         474 18 0.0454 0.0074 0.0755 0.1467 0.0055 0.0451 0.0282 0.0394 0.0091 0.0488 0.0085 0.0121 0.0603 0.0699 0.0168 0.0185 0.1234 0.0846 0.0618 0.0930 
         475 15 0.0637 0.0078 0.1169 0.0397 0.0067 0.0294 0.1035 0.0911 0.0061 0.1428 0.0083 0.0100 0.0390 0.0281 0.0724 0.0238 0.0464 0.0636 0.0464 0.0544 
         484  4 0.0515 0.0173 0.2314 0.0637 0.0077 0.0245 0.2404 0.0173 0.0156 0.0875 0.0179 0.0100 0.0135 0.0162 0.0926 0.0044 0.0235 0.0208 0.0156 0.0286 
         485 13 0.0550 0.0115 0.0410 0.2931 0.0092 0.0535 0.0342 0.0249 0.0114 0.0376 0.0127 0.0139 0.0657 0.0803 0.0599 0.0102 0.0241 0.0538 0.0494 0.0587 
         486 18 0.1112 0.0121 0.0348 0.0676 0.0099 0.0264 0.0251 0.0313 0.0116 0.0270 0.0108 0.0088 0.0282 0.2971 0.0376 0.0234 0.0411 0.1183 0.0475 0.0299 
         489  1 0.0835 0.0193 0.0383 0.0558 0.0309 0.0306 0.0958 0.0288 0.0113 0.0664 0.0133 0.0342 0.1247 0.0605 0.0489 0.0177 0.0884 0.0427 0.0741 0.0346 
         490  7 0.0856 0.0176 0.0397 0.0595 0.0289 0.0314 0.1250 0.0239 0.0117 0.0603 0.0131 0.0224 0.1086 0.0675 0.0679 0.0116 0.0964 0.0398 0.0577 0.0312 
         494  7 0.0933 0.0351 0.1024 0.1183 0.0226 0.0312 0.1515 0.0266 0.0156 0.0730 0.0249 0.0147 0.0291 0.0477 0.0571 0.0095 0.0451 0.0297 0.0332 0.0394 
         500 13 0.0450 0.0049 0.0466 0.0679 0.0149 0.0304 0.0439 0.0455 0.0045 0.0263 0.0045 0.0083 0.0913 0.1728 0.0302 0.0456 0.0654 0.0780 0.0946 0.0795 
         502 13 0.0356 0.0057 0.0843 0.0463 0.0175 0.0212 0.0449 0.0725 0.0045 0.0411 0.0049 0.0095 0.0881 0.1000 0.0337 0.0126 0.1650 0.0477 0.1291 0.0357 
         507 18 0.0442 0.0084 0.0784 0.0439 0.0156 0.0840 0.0668 0.1169 0.0072 0.0316 0.0094 0.0139 0.0520 0.1307 0.0805 0.0122 0.0430 0.0816 0.0332 0.0465 
         509 14 0.0413 0.0078 0.0823 0.0606 0.0140 0.0276 0.0846 0.0640 0.0073 0.0376 0.0083 0.0054 0.0346 0.1174 0.2005 0.0125 0.0625 0.0521 0.0479 0.0319 
         512 20 0.1133 0.0296 0.0881 0.0982 0.0217 0.0428 0.1689 0.0201 0.0183 0.0683 0.0422 0.0118 0.0341 0.0367 0.0535 0.0146 0.0247 0.0330 0.0348 0.0454 
         513 14 0.0264 0.0069 0.0876 0.1875 0.0169 0.0205 0.0448 0.0455 0.0070 0.0309 0.0072 0.0093 0.0501 0.0963 0.0577 0.0084 0.1468 0.0483 0.0660 0.0359 
         514  1 0.0769 0.0319 0.0744 0.0944 0.0320 0.0754 0.0798 0.0183 0.0181 0.0529 0.0298 0.0170 0.0658 0.0560 0.0966 0.0077 0.0576 0.0367 0.0383 0.0404 
         515 16 0.0098 0.0086 0.0083 0.0089 0.0055 0.0112 0.0074 0.0113 0.0086 0.0090 0.0080 0.0090 0.0131 0.0106 0.0084 0.8210 0.0118 0.0101 0.0095 0.0098 
         518 16 0.0113 0.0181 0.0089 0.0080 0.0064 0.0095 0.0097 0.0106 0.0147 0.0100 0.0146 0.0142 0.0113 0.0103 0.0094 0.7925 0.0097 0.0097 0.0112 0.0099 
         519 16 0.0089 0.0068 0.0073 0.0070 0.0062 0.0100 0.0069 0.0101 0.0064 0.0086 0.0071 0.0084 0.0124 0.0089 0.0069 0.8434 0.0086 0.0088 0.0089 0.0085 
         520 16 0.0294 0.0115 0.0256 0.0190 0.0115 0.0262 0.0250 0.0279 0.0105 0.0275 0.0121 0.0194 0.0482 0.0344 0.0231 0.5102 0.0495 0.0292 0.0359 0.0240 
         521 16 0.0523 0.0161 0.0195 0.0399 0.0075 0.0543 0.0417 0.0307 0.0134 0.0220 0.0074 0.0185 0.0535 0.0469 0.0195 0.4032 0.0123 0.0710 0.0353 0.0349 
         523 16 0.0243 0.0303 0.0306 0.0220 0.0079 0.0301 0.0181 0.0248 0.0348 0.0228 0.0412 0.0912 0.0331 0.0152 0.0225 0.4744 0.0157 0.0191 0.0177 0.0240 
         524 16 0.0127 0.0072 0.0113 0.0127 0.0055 0.0140 0.0095 0.0126 0.0071 0.0110 0.0071 0.0117 0.0146 0.0157 0.0084 0.7778 0.0141 0.0143 0.0165 0.0162 
         526 19 0.0245 0.0209 0.0106 0.0179 0.0072 0.0095 0.0189 0.0092 0.0104 0.0137 0.0113 0.0310 0.0079 0.0144 0.0113 0.0123 0.0078 0.0181 0.7219 0.0211 
         531  1 0.0971 0.0090 0.0245 0.2045 0.0055 0.1590 0.0342 0.0288 0.0082 0.0629 0.0095 0.0102 0.0264 0.0307 0.1331 0.0071 0.0167 0.0421 0.0183 0.0722 
         532 19 0.0544 0.0116 0.0243 0.0410 0.0073 0.0380 0.0402 0.0324 0.0093 0.0246 0.0100 0.0739 0.0161 0.0353 0.0238 0.0182 0.0357 0.1875 0.2542 0.0623 
         533 18 0.1077 0.0111 0.0233 0.0666 0.0059 0.1159 0.0319 0.0371 0.0096 0.0599 0.0104 0.0188 0.0571 0.0427 0.0261 0.0093 0.0207 0.0731 0.0354 0.2374 
         534  1 0.0871 0.0171 0.0588 0.0911 0.0099 0.2288 0.0320 0.0251 0.0081 0.1413 0.0119 0.0165 0.0132 0.0337 0.0275 0.0106 0.0138 0.0399 0.0194 0.1141 
         541  7 0.0760 0.0187 0.0457 0.1291 0.0080 0.0564 0.0426 0.0650 0.0147 0.0660 0.0152 0.0261 0.0364 0.0521 0.0402 0.0100 0.0435 0.0651 0.0510 0.1383 
         542  1 0.1218 0.0168 0.0523 0.0917 0.0059 0.0561 0.0837 0.0404 0.0167 0.0582 0.0176 0.0148 0.0191 0.0203 0.1973 0.0091 0.0250 0.0480 0.0225 0.0826 
         544 18 0.0697 0.0154 0.0357 0.0323 0.0097 0.0314 0.1209 0.0387 0.0102 0.0399 0.0148 0.0618 0.0816 0.0825 0.0189 0.0286 0.0390 0.1273 0.0404 0.1011 
         545 19 0.0929 0.0139 0.0431 0.0668 0.0070 0.0401 0.0576 0.0680 0.0096 0.0620 0.0120 0.0231 0.0397 0.0563 0.0472 0.0222 0.0652 0.0872 0.0620 0.1239 
         546  7 0.1201 0.0117 0.0345 0.0584 0.0089 0.1037 0.0675 0.0540 0.0067 0.0983 0.0087 0.0205 0.0384 0.0368 0.0434 0.0120 0.0275 0.0565 0.0400 0.1524 
         548  7 0.1876 0.0088 0.0291 0.0812 0.0066 0.0343 0.0334 0.0517 0.0083 0.1044 0.0085 0.0118 0.0188 0.0327 0.0373 0.0125 0.0335 0.0568 0.0285 0.2143 
         552 18 0.0743 0.0358 0.0477 0.0769 0.0091 0.0434 0.1270 0.0388 0.0364 0.0445 0.0297 0.0295 0.0240 0.0350 0.1121 0.0067 0.0247 0.0507 0.0347 0.1191 
         554 13 0.0512 0.0059 0.2500 0.1488 0.0066 0.0343 0.0177 0.0258 0.0061 0.1142 0.0068 0.0072 0.0986 0.0257 0.0347 0.0076 0.0292 0.0581 0.0295 0.0419 
         555  7 0.1387 0.0082 0.1207 0.0634 0.0080 0.0442 0.0379 0.0228 0.0074 0.1434 0.0062 0.0111 0.0363 0.0440 0.0500 0.0182 0.0167 0.0775 0.0643 0.0809 
         556 18 0.0870 0.0056 0.0364 0.0671 0.0073 0.0910 0.0204 0.0878 0.0053 0.1018 0.0053 0.0168 0.0349 0.0586 0.0221 0.0058 0.0723 0.0798 0.0231 0.1717 
         559  1 0.0776 0.0213 0.0759 0.0685 0.0056 0.0782 0.0589 0.0185 0.0166 0.0710 0.0183 0.0135 0.0228 0.0233 0.2743 0.0068 0.0152 0.0394 0.0343 0.0600 
         560  4 0.0652 0.0066 0.4127 0.0765 0.0072 0.0195 0.0528 0.0275 0.0069 0.0555 0.0064 0.0076 0.0264 0.0263 0.0618 0.0063 0.0395 0.0429 0.0252 0.0272 
         564 18 0.0790 0.0071 0.0319 0.0238 0.0062 0.1950 0.0272 0.1005 0.0060 0.0414 0.0058 0.0118 0.0441 0.0975 0.0342 0.0087 0.0881 0.0984 0.0270 0.0662 
         568  3 0.1963 0.0074 0.1275 0.0275 0.0072 0.0232 0.1803 0.0292 0.0057 0.0758 0.0058 0.0172 0.0246 0.0312 0.0404 0.0172 0.0397 0.0672 0.0342 0.0422 
         569 14 0.0798 0.0183 0.0394 0.0777 0.0072 0.0616 0.0371 0.0484 0.0224 0.0557 0.0161 0.0139 0.0634 0.0670 0.0289 0.0072 0.0593 0.0858 0.0556 0.1552 
         570  1 0.1010 0.0663 0.0582 0.0289 0.0087 0.1328 0.0404 0.0283 0.0437 0.0486 0.0336 0.0201 0.0276 0.0392 0.1142 0.0326 0.0227 0.0486 0.0462 0.0582 
         571 18 0.0652 0.0066 0.0358 0.0555 0.0060 0.2666 0.0264 0.0654 0.0060 0.0373 0.0063 0.0110 0.0321 0.0855 0.0667 0.0083 0.0768 0.0775 0.0216 0.0435 
         575 18 0.0789 0.0090 0.0315 0.0517 0.0060 0.1264 0.0261 0.0756 0.0076 0.0620 0.0067 0.0096 0.0393 0.0533 0.1019 0.0247 0.0345 0.0935 0.0615 0.1002 
         576  7 0.1325 0.0297 0.0554 0.1116 0.0095 0.0615 0.0859 0.0236 0.0139 0.1115 0.0176 0.0332 0.0232 0.0237 0.0761 0.0186 0.0163 0.0361 0.0433 0.0770 
         580 18 0.0805 0.0151 0.0453 0.2458 0.0100 0.0553 0.0584 0.0228 0.0133 0.0903 0.0140 0.0130 0.0297 0.0325 0.0568 0.0059 0.0712 0.0429 0.0415 0.0558 
         582  6 0.0622 0.0096 0.0228 0.0274 0.0128 0.1707 0.0193 0.0393 0.0173 0.0410 0.0108 0.0088 0.1380 0.0991 0.0291 0.0058 0.1284 0.0633 0.0239 0.0703 
         583 16 0.0213 0.0192 0.0158 0.0164 0.0078 0.0315 0.0117 0.0230 0.0147 0.0179 0.0132 0.0180 0.0175 0.0169 0.0148 0.6728 0.0144 0.0165 0.0164 0.0199 
         584 16 0.0407 0.0711 0.0277 0.0240 0.0102 0.0284 0.0307 0.0349 0.0771 0.0221 0.0381 0.0392 0.0176 0.0196 0.0348 0.3710 0.0231 0.0283 0.0244 0.0369 
         592  7 0.0704 0.0113 0.0601 0.0565 0.0083 0.0490 0.0512 0.0870 0.0094 0.0666 0.0082 0.0069 0.0318 0.0889 0.1346 0.0078 0.1082 0.0564 0.0419 0.0457 
         593 18 0.0413 0.0140 0.0393 0.0387 0.0067 0.1567 0.0184 0.1170 0.0124 0.0351 0.0117 0.0095 0.1012 0.0899 0.0733 0.0129 0.0534 0.0636 0.0287 0.0762 
         599  4 0.0921 0.0212 0.0487 0.0871 0.0076 0.0724 0.0324 0.0784 0.0228 0.0597 0.0162 0.0123 0.0395 0.0575 0.0513 0.0128 0.0677 0.0737 0.0599 0.0869 
         604 18 0.0532 0.0078 0.0339 0.0488 0.0069 0.0563 0.0258 0.0475 0.0089 0.0464 0.0087 0.0114 0.1874 0.0609 0.0140 0.0068 0.0700 0.0783 0.0411 0.1859 
         612 18 0.0275 0.0052 0.0203 0.0159 0.0073 0.1726 0.0150 0.0370 0.0046 0.0255 0.0044 0.0074 0.3400 0.0575 0.0404 0.0068 0.0661 0.0540 0.0351 0.0573 
         613 18 0.0279 0.0052 0.0174 0.0137 0.0063 0.2423 0.0138 0.0400 0.0046 0.0230 0.0044 0.0067 0.3110 0.0551 0.0425 0.0076 0.0385 0.0528 0.0268 0.0605 
         615 15 0.0916 0.0070 0.0348 0.0170 0.0073 0.0356 0.1552 0.0345 0.0059 0.0394 0.0052 0.0096 0.0407 0.0655 0.0254 0.0083 0.0322 0.1817 0.0582 0.1448 
         616 17 0.0632 0.0108 0.0231 0.0173 0.0077 0.0281 0.0365 0.0624 0.0085 0.0473 0.0079 0.0185 0.1362 0.0523 0.0338 0.0498 0.1817 0.0897 0.0648 0.0603 
         620 13 0.0996 0.0081 0.0370 0.0316 0.0061 0.0571 0.0509 0.0817 0.0080 0.0577 0.0073 0.0104 0.0764 0.0440 0.0461 0.0125 0.0599 0.1069 0.0478 0.1510 
         623 18 0.0645 0.0097 0.0465 0.0399 0.0080 0.1332 0.0327 0.0528 0.0100 0.0405 0.0095 0.0156 0.0597 0.0326 0.1025 0.1057 0.0483 0.0737 0.0404 0.0741 
         624  3 0.0719 0.0082 0.0420 0.0373 0.0062 0.0870 0.0435 0.0640 0.0078 0.0332 0.0074 0.0170 0.0302 0.0829 0.0561 0.0110 0.1677 0.1300 0.0391 0.0576 
         625 18 0.0408 0.0060 0.1014 0.0704 0.0065 0.0309 0.0329 0.1265 0.0048 0.0657 0.0065 0.0092 0.1427 0.0315 0.0731 0.0151 0.0728 0.0679 0.0363 0.0591 
         626 18 0.0632 0.0062 0.0528 0.0410 0.0064 0.0497 0.0393 0.1381 0.0048 0.0825 0.0055 0.0108 0.0712 0.0430 0.0853 0.0256 0.0675 0.0782 0.0569 0.0719 
         627 10 0.0695 0.0069 0.0453 0.0375 0.0070 0.0945 0.0426 0.0855 0.0053 0.0686 0.0056 0.0087 0.0658 0.0795 0.0974 0.0113 0.0442 0.0793 0.0609 0.0846 
         630 18 0.0369 0.0077 0.0483 0.0837 0.0071 0.0435 0.0239 0.0591 0.0063 0.0550 0.0068 0.0133 0.0670 0.0899 0.0349 0.0172 0.1057 0.0901 0.1163 0.0875 
         634 18 0.0553 0.0311 0.0913 0.1671 0.0099 0.0405 0.0704 0.0255 0.0240 0.0719 0.0311 0.0318 0.0352 0.0355 0.0398 0.0062 0.0466 0.0453 0.0489 0.0926 
         635  4 0.0747 0.0098 0.0385 0.0780 0.0232 0.0828 0.0486 0.0350 0.0106 0.0843 0.0091 0.0324 0.0518 0.0796 0.0546 0.0189 0.0324 0.0645 0.0858 0.0853 
         639 17 0.0891 0.0070 0.0376 0.0516 0.0074 0.0300 0.0924 0.0287 0.0055 0.0469 0.0053 0.0094 0.0242 0.0667 0.1825 0.0271 0.0557 0.0850 0.0897 0.0583 
         640 13 0.0598 0.0192 0.0341 0.0550 0.0094 0.0595 0.0460 0.0504 0.0242 0.0477 0.0179 0.0471 0.1603 0.0403 0.0397 0.0115 0.0573 0.0641 0.0574 0.0991 
         641  7 0.1284 0.0126 0.0331 0.0708 0.0078 0.1347 0.0733 0.0281 0.0106 0.0716 0.0105 0.0105 0.0376 0.0433 0.0763 0.0074 0.0306 0.0640 0.0398 0.1090 
         642  1 0.0681 0.0056 0.0227 0.0476 0.0090 0.3473 0.0224 0.0429 0.0079 0.0645 0.0064 0.0137 0.0566 0.0254 0.0543 0.0101 0.0203 0.0528 0.0296 0.0930 
         647  7 0.0910 0.0132 0.0829 0.0210 0.0072 0.0576 0.0775 0.1067 0.0107 0.0614 0.0091 0.0079 0.0466 0.0657 0.0726 0.0070 0.0468 0.0655 0.0393 0.1102 
         651 13 0.0369 0.0069 0.0812 0.0592 0.0115 0.0321 0.0589 0.2282 0.0056 0.0604 0.0056 0.0182 0.0572 0.0423 0.0450 0.0143 0.0357 0.0456 0.0510 0.1042 
         660  7 0.1447 0.0251 0.0710 0.0464 0.0080 0.0373 0.0764 0.0392 0.0174 0.0878 0.0227 0.0130 0.0400 0.0365 0.0361 0.0145 0.1092 0.0599 0.0373 0.0772 
