           1 19 0.0000 0.0000 0.0000 0.0000 1.0000 0.0000 0.0000 0.0000 0.0000 0.0000 0.0000 0.0000 0.0000 0.0000 0.0000 0.0000 0.0000 0.0000 0.0000 0.0000 
           2  8 0.0007 0.0000 0.0004 0.0000 0.0015 0.0004 0.0013 0.9850 0.0000 0.0012 0.0000 0.0000 0.0007 0.0031 0.0002 0.0000 0.0001 0.0016 0.0030 0.0008 
           4 20 0.0043 0.0000 0.0020 0.0004 0.0007 0.0056 0.0010 0.0001 0.0000 0.0012 0.0000 0.0000 0.0008 0.0005 0.0008 0.0000 0.0012 0.0007 0.0018 0.9789 
           5 18 0.0006 0.0000 0.0001 0.0000 0.0000 0.0003 0.0002 0.0002 0.0000 0.0011 0.0000 0.0000 0.0011 0.0007 0.0000 0.0000 0.0005 0.9927 0.0014 0.0012 
           6  9 0.0000 0.0007 0.0000 0.0000 0.0000 0.0000 0.0000 0.0000 0.9991 0.0000 0.0002 0.0000 0.0000 0.0000 0.0000 0.0000 0.0000 0.0000 0.0000 0.0000 
           7 17 0.0001 0.0000 0.0004 0.0001 0.0001 0.0000 0.0266 0.0000 0.0000 0.0015 0.0000 0.0000 0.0000 0.0000 0.0000 0.0000 0.9712 0.0000 0.0000 0.0000 
           9 17 0.0468 0.0061 0.0470 0.0430 0.0071 0.1223 0.0276 0.2132 0.0057 0.0548 0.0062 0.0099 0.0811 0.0331 0.0620 0.0135 0.0254 0.0561 0.0308 0.1083 
          11  9 0.0090 0.1494 0.0081 0.0053 0.3109 0.0305 0.0094 0.0088 0.0206 0.0080 0.0133 0.0143 0.0117 0.0142 0.0083 0.3363 0.0078 0.0125 0.0126 0.0088 
          12  3 0.0289 0.0093 0.0360 0.0307 0.0102 0.1377 0.0283 0.0917 0.0120 0.0222 0.0097 0.0718 0.0264 0.0732 0.0202 0.0048 0.2399 0.0809 0.0265 0.0396 
          13  3 0.0284 0.0240 0.0248 0.0163 0.2405 0.0198 0.0282 0.0256 0.0490 0.0290 0.0465 0.0342 0.0215 0.0474 0.0189 0.0048 0.0196 0.1240 0.1336 0.0640 
          16 14 0.0295 0.0256 0.0458 0.0279 0.1721 0.0185 0.0711 0.0664 0.0046 0.0270 0.0058 0.0051 0.0334 0.1076 0.0567 0.0344 0.0297 0.1684 0.0483 0.0219 
          21  6 0.0040 0.0000 0.0006 0.0389 0.0000 0.9447 0.0011 0.0000 0.0000 0.0045 0.0000 0.0000 0.0002 0.0003 0.0008 0.0000 0.0005 0.0009 0.0012 0.0022 
          24 13 0.0000 0.0000 0.0000 0.0000 0.0001 0.0001 0.0000 0.0000 0.0000 0.0000 0.0001 0.0001 0.9991 0.0000 0.0000 0.0005 0.0000 0.0000 0.0000 0.0000 
          28  1 0.9951 0.0000 0.0001 0.0002 0.0000 0.0001 0.0010 0.0001 0.0000 0.0002 0.0000 0.0000 0.0002 0.0005 0.0000 0.0000 0.0000 0.0003 0.0006 0.0016 
          32 18 0.0001 0.0000 0.0004 0.0001 0.0000 0.0003 0.0000 0.0003 0.0000 0.0006 0.0000 0.0000 0.0023 0.0005 0.0001 0.0000 0.0000 0.9945 0.0006 0.0003 
          33 13 0.0800 0.0123 0.0601 0.0375 0.0068 0.0478 0.0393 0.0888 0.0097 0.0431 0.0080 0.0083 0.0350 0.0954 0.0560 0.0209 0.0724 0.0885 0.0777 0.1124 
          34 17 0.0759 0.0097 0.0340 0.0334 0.0101 0.0253 0.0628 0.0337 0.0077 0.0538 0.0096 0.0093 0.1398 0.0280 0.0593 0.0223 0.0708 0.2350 0.0412 0.0384 
          35 20 0.1132 0.0404 0.0312 0.0721 0.0143 0.0761 0.0607 0.0386 0.0228 0.0780 0.0228 0.0440 0.0434 0.0550 0.0267 0.0243 0.0277 0.0491 0.0634 0.0963 
          37 10 0.0348 0.0074 0.0470 0.0383 0.0116 0.0163 0.0178 0.1720 0.0051 0.1645 0.0057 0.0138 0.0275 0.0708 0.0185 0.0111 0.1446 0.0447 0.0711 0.0774 
          39 19 0.0000 0.0000 0.0000 0.0000 0.0001 0.0000 0.0000 0.0000 0.0000 0.0000 0.0000 0.0000 0.0000 0.0000 0.0000 0.0000 0.0000 0.0000 0.9998 0.0000 
          42 19 0.0000 0.0000 0.0001 0.0000 0.0002 0.0000 0.0027 0.0004 0.0000 0.0001 0.0000 0.0000 0.0001 0.0013 0.0002 0.0000 0.0002 0.0003 0.9943 0.0002 
          44  7 0.0003 0.0000 0.0000 0.0004 0.0004 0.0001 0.9952 0.0000 0.0000 0.0004 0.0000 0.0000 0.0000 0.0009 0.0004 0.0000 0.0000 0.0003 0.0006 0.0008 
          45 17 0.0053 0.0000 0.0005 0.0015 0.0000 0.0039 0.0015 0.0004 0.0000 0.0014 0.0000 0.0000 0.0003 0.0009 0.0013 0.0000 0.9784 0.0013 0.0004 0.0029 
          49 12 0.0554 0.0337 0.0294 0.0375 0.0252 0.0456 0.0275 0.0368 0.0262 0.0322 0.0134 0.0236 0.0684 0.1195 0.0219 0.0230 0.0322 0.2035 0.1027 0.0423 
          55 13 0.0142 0.0038 0.0221 0.0361 0.0149 0.0258 0.0136 0.0556 0.0037 0.0288 0.0038 0.0053 0.2174 0.1071 0.0856 0.0131 0.0317 0.2518 0.0442 0.0215 
          57 13 0.0220 0.0085 0.0239 0.0943 0.0115 0.0204 0.0179 0.2452 0.0080 0.0304 0.0081 0.0102 0.0647 0.0971 0.0735 0.0078 0.0242 0.1572 0.0327 0.0425 
          59 18 0.0120 0.0127 0.0195 0.1331 0.0157 0.0100 0.0099 0.0607 0.0123 0.0167 0.0101 0.0097 0.0274 0.2965 0.0179 0.0087 0.0963 0.1273 0.0807 0.0227 
          64 13 0.0150 0.0100 0.0126 0.0123 0.0199 0.0159 0.0116 0.0848 0.0095 0.0126 0.0078 0.0285 0.1231 0.3048 0.0086 0.0072 0.1113 0.1399 0.0410 0.0233 
          65 13 0.0109 0.0095 0.0131 0.0233 0.0173 0.0095 0.0102 0.0627 0.0100 0.0127 0.0096 0.0162 0.2463 0.2722 0.0087 0.0085 0.0894 0.0970 0.0475 0.0252 
          66 13 0.0129 0.0054 0.0269 0.0411 0.0456 0.0297 0.0143 0.1442 0.0089 0.0168 0.0077 0.0316 0.2780 0.0921 0.0196 0.0042 0.0896 0.0916 0.0176 0.0222 
          67 20 0.0146 0.0066 0.0225 0.0205 0.0241 0.0135 0.0168 0.1858 0.0053 0.0199 0.0049 0.0074 0.0681 0.2983 0.0261 0.0061 0.0373 0.1177 0.0749 0.0296 
          69 14 0.0154 0.0048 0.0189 0.0388 0.0151 0.0329 0.0099 0.1224 0.0046 0.0160 0.0049 0.0123 0.0785 0.2949 0.0137 0.0078 0.0725 0.1739 0.0388 0.0239 
          71 13 0.0164 0.0052 0.0202 0.0420 0.0144 0.0247 0.0117 0.1744 0.0046 0.0202 0.0052 0.0071 0.1446 0.2423 0.0231 0.0090 0.0265 0.1304 0.0444 0.0336 
          74 17 0.0752 0.0085 0.0508 0.0504 0.0130 0.0666 0.0474 0.0587 0.0082 0.0517 0.0083 0.0209 0.0463 0.0654 0.0208 0.0065 0.1176 0.1409 0.0515 0.0912 
          75 16 0.0283 0.0061 0.0179 0.0130 0.0068 0.0147 0.0177 0.0166 0.0057 0.0188 0.0054 0.0090 0.0146 0.0295 0.0132 0.6381 0.0138 0.0684 0.0346 0.0277 
          77  1 0.0704 0.0091 0.0172 0.3607 0.0090 0.0350 0.0299 0.0277 0.0055 0.0608 0.0080 0.0244 0.0202 0.0285 0.0668 0.0170 0.0203 0.0804 0.0273 0.0817 
          78 19 0.0606 0.0061 0.0470 0.0457 0.0102 0.0103 0.0441 0.0339 0.0052 0.0300 0.0053 0.0088 0.0219 0.0568 0.0262 0.0112 0.0428 0.0633 0.4422 0.0282 
          79  1 0.0334 0.0606 0.0397 0.0657 0.0706 0.0205 0.0396 0.0390 0.0164 0.0204 0.0113 0.0144 0.0361 0.1039 0.0565 0.1772 0.0227 0.0652 0.0738 0.0331 
          82  7 0.0566 0.0175 0.0645 0.0617 0.0568 0.0551 0.0433 0.0425 0.0276 0.0361 0.0187 0.0327 0.0538 0.0524 0.1535 0.0368 0.0277 0.0728 0.0500 0.0401 
          86 10 0.0649 0.0362 0.0461 0.2005 0.0167 0.0269 0.0462 0.0353 0.0120 0.1022 0.0186 0.0307 0.0239 0.0498 0.0826 0.0078 0.0252 0.0653 0.0515 0.0574 
          91 13 0.0480 0.0065 0.0337 0.0927 0.0078 0.0403 0.0397 0.0848 0.0076 0.0309 0.0066 0.0076 0.0519 0.0586 0.1692 0.0071 0.0308 0.1493 0.0373 0.0895 
          92 13 0.0450 0.0066 0.0346 0.0733 0.0077 0.0227 0.0540 0.0844 0.0079 0.0286 0.0068 0.0076 0.0352 0.0397 0.2587 0.0078 0.0431 0.1422 0.0320 0.0620 
          93 13 0.0167 0.0054 0.0949 0.0657 0.0108 0.0109 0.0191 0.2918 0.0045 0.0319 0.0055 0.0068 0.1017 0.0459 0.0419 0.0097 0.1128 0.0660 0.0302 0.0280 
          97 13 0.0177 0.0056 0.0441 0.0480 0.0287 0.0402 0.0196 0.1103 0.0093 0.0206 0.0080 0.0310 0.2296 0.0617 0.0233 0.0051 0.1702 0.0768 0.0187 0.0311 
          98 13 0.0321 0.0058 0.0338 0.0464 0.0115 0.0212 0.0204 0.0480 0.0057 0.0277 0.0055 0.0069 0.1027 0.1745 0.0174 0.0069 0.1635 0.1218 0.0961 0.0522 
         102  7 0.0722 0.0125 0.0448 0.0559 0.0231 0.0478 0.0364 0.0589 0.0189 0.0619 0.0136 0.0169 0.0356 0.0527 0.1484 0.0144 0.0399 0.1267 0.0632 0.0562 
         104 14 0.0237 0.0093 0.0827 0.1007 0.0087 0.0130 0.0271 0.0177 0.0104 0.0481 0.0095 0.0150 0.0439 0.0253 0.0134 0.0257 0.4512 0.0277 0.0291 0.0178 
         106  7 0.0455 0.0054 0.1914 0.1140 0.0146 0.0165 0.1156 0.0341 0.0044 0.0411 0.0046 0.0091 0.0428 0.0898 0.0314 0.0272 0.0586 0.0389 0.0765 0.0387 
         111 20 0.0956 0.0048 0.1446 0.1995 0.0061 0.0211 0.1307 0.0171 0.0042 0.0451 0.0052 0.0108 0.0339 0.0268 0.0273 0.0073 0.1077 0.0415 0.0286 0.0421 
         113  3 0.0359 0.0063 0.3853 0.0975 0.0199 0.0146 0.0287 0.0346 0.0064 0.0732 0.0053 0.0061 0.0240 0.0383 0.0311 0.0081 0.0456 0.0555 0.0479 0.0359 
         115 18 0.0453 0.0102 0.1101 0.2878 0.0057 0.0306 0.0342 0.0367 0.0098 0.0663 0.0101 0.0111 0.0333 0.0490 0.0280 0.0117 0.0673 0.0532 0.0362 0.0637 
         116  1 0.1026 0.0060 0.1062 0.1570 0.0074 0.0445 0.1016 0.0344 0.0062 0.1128 0.0060 0.0054 0.0288 0.0237 0.0450 0.0055 0.1058 0.0349 0.0160 0.0502 
         127  3 0.0630 0.0104 0.1343 0.0172 0.0096 0.0325 0.1533 0.0307 0.0086 0.0331 0.0079 0.0161 0.0313 0.0595 0.0175 0.0895 0.0439 0.1147 0.0513 0.0757 
         130 14 0.0379 0.0044 0.0870 0.0689 0.0068 0.0823 0.0228 0.0345 0.0044 0.0401 0.0047 0.0066 0.1489 0.0626 0.0323 0.0135 0.1883 0.0611 0.0430 0.0499 
         132 15 0.0629 0.0085 0.1076 0.0320 0.0152 0.0136 0.1914 0.0582 0.0063 0.0613 0.0081 0.0065 0.0211 0.0328 0.1569 0.0210 0.0447 0.0675 0.0507 0.0336 
         135 14 0.0340 0.0061 0.0964 0.1023 0.0074 0.0520 0.0212 0.0284 0.0063 0.0458 0.0067 0.0098 0.0964 0.0511 0.0294 0.0121 0.2381 0.0574 0.0543 0.0447 
         138 18 0.0589 0.0090 0.0602 0.2112 0.0090 0.0363 0.0257 0.0463 0.0088 0.0296 0.0081 0.0069 0.0354 0.1051 0.0679 0.0505 0.0763 0.0618 0.0479 0.0451 
         146 13 0.0229 0.0041 0.1850 0.0629 0.0095 0.0201 0.0272 0.0163 0.0040 0.0439 0.0041 0.0055 0.0376 0.0704 0.0472 0.0136 0.1329 0.1191 0.1498 0.0239 
         150 13 0.0465 0.0061 0.1059 0.2017 0.0148 0.0321 0.0789 0.0750 0.0057 0.0290 0.0057 0.0086 0.0499 0.0560 0.0982 0.0171 0.0249 0.0408 0.0336 0.0697 
         151 15 0.0461 0.0117 0.2093 0.1248 0.0105 0.0187 0.1024 0.0156 0.0086 0.0340 0.0111 0.0063 0.0149 0.0436 0.2097 0.0087 0.0521 0.0254 0.0243 0.0221 
         152  4 0.0890 0.0075 0.2956 0.0879 0.0128 0.0151 0.1073 0.0181 0.0066 0.0315 0.0065 0.0190 0.0224 0.0493 0.0224 0.0267 0.0488 0.0441 0.0609 0.0286 
         154 19 0.0203 0.0057 0.1228 0.1078 0.0107 0.0115 0.0519 0.0689 0.0059 0.0192 0.0058 0.0079 0.0406 0.0692 0.0451 0.0122 0.2481 0.0512 0.0507 0.0447 
         156  1 0.0415 0.0035 0.1639 0.1136 0.0066 0.0161 0.2288 0.0192 0.0037 0.0114 0.0038 0.0058 0.0221 0.0197 0.2255 0.0086 0.0353 0.0293 0.0190 0.0228 
         160 16 0.0091 0.0060 0.0091 0.0086 0.0050 0.0076 0.0083 0.0105 0.0060 0.0078 0.0057 0.0056 0.0077 0.0080 0.0110 0.8443 0.0141 0.0094 0.0080 0.0083 
         161 16 0.0096 0.0055 0.0093 0.0090 0.0047 0.0079 0.0080 0.0097 0.0049 0.0085 0.0048 0.0061 0.0080 0.0086 0.0095 0.8468 0.0113 0.0096 0.0095 0.0089 
         162 16 0.0101 0.0054 0.0088 0.0093 0.0055 0.0101 0.0074 0.0101 0.0049 0.0087 0.0048 0.0059 0.0086 0.0089 0.0083 0.8456 0.0090 0.0092 0.0094 0.0099 
         169 16 0.0093 0.0049 0.0089 0.0083 0.0051 0.0100 0.0072 0.0110 0.0047 0.0086 0.0050 0.0063 0.0092 0.0082 0.0092 0.8476 0.0094 0.0095 0.0082 0.0094 
         170 16 0.0132 0.0064 0.0100 0.0092 0.0064 0.0150 0.0090 0.0135 0.0055 0.0111 0.0052 0.0061 0.0102 0.0118 0.0114 0.8079 0.0098 0.0126 0.0124 0.0131 
         171 14 0.0344 0.0054 0.0438 0.0525 0.0059 0.1090 0.0228 0.1037 0.0059 0.0190 0.0060 0.0245 0.0220 0.0630 0.0299 0.2048 0.0865 0.0789 0.0230 0.0588 
         175  1 0.0682 0.0087 0.0408 0.4609 0.0060 0.0525 0.0309 0.0182 0.0068 0.0551 0.0101 0.0082 0.0275 0.0150 0.0724 0.0067 0.0162 0.0279 0.0129 0.0549 
         177 10 0.0853 0.0505 0.0568 0.3007 0.0068 0.0439 0.0482 0.0116 0.0324 0.0568 0.0607 0.0175 0.0125 0.0137 0.0928 0.0086 0.0141 0.0223 0.0169 0.0479 
         180  1 0.0772 0.0078 0.0341 0.2386 0.0052 0.0483 0.0317 0.0293 0.0069 0.0448 0.0079 0.0145 0.0249 0.0295 0.0741 0.0315 0.0399 0.0864 0.0394 0.1279 
         186 17 0.0599 0.0492 0.0667 0.0663 0.0086 0.0352 0.0579 0.0306 0.0281 0.0604 0.0313 0.0463 0.0698 0.0469 0.0898 0.0165 0.0443 0.0591 0.0587 0.0745 
         187  1 0.0766 0.0084 0.0485 0.1726 0.0071 0.0853 0.0678 0.0281 0.0068 0.0748 0.0079 0.0091 0.0318 0.0313 0.1366 0.0068 0.0248 0.0499 0.0249 0.1008 
         188 17 0.0351 0.0100 0.0621 0.2951 0.0076 0.0270 0.0296 0.0251 0.0088 0.0525 0.0096 0.0152 0.0414 0.0477 0.0373 0.0079 0.0761 0.0582 0.0817 0.0718 
         189  4 0.0360 0.0261 0.0220 0.0616 0.0085 0.0281 0.0215 0.0207 0.0218 0.0317 0.0199 0.0634 0.1283 0.0557 0.0417 0.1139 0.1155 0.0700 0.0676 0.0461 
         190 18 0.0690 0.0069 0.0463 0.1203 0.0077 0.1258 0.0274 0.0419 0.0058 0.0615 0.0066 0.0100 0.0625 0.0491 0.1009 0.0194 0.0312 0.0741 0.0417 0.0918 
         191 20 0.0608 0.0116 0.0320 0.0408 0.0086 0.0321 0.0320 0.0358 0.0119 0.0443 0.0114 0.0128 0.2211 0.0643 0.0208 0.0100 0.1890 0.0585 0.0320 0.0701 
         198 14 0.0629 0.0081 0.0627 0.1143 0.0072 0.0781 0.0300 0.0752 0.0067 0.0632 0.0072 0.0080 0.0511 0.0616 0.1085 0.0167 0.0448 0.0698 0.0423 0.0815 
         206  3 0.1606 0.0088 0.1841 0.0570 0.0078 0.0204 0.1402 0.0207 0.0072 0.0541 0.0071 0.0193 0.0162 0.0254 0.0630 0.0363 0.0342 0.0623 0.0392 0.0363 
         210  3 0.0799 0.0099 0.0626 0.0259 0.0058 0.0652 0.0451 0.0413 0.0097 0.0319 0.0086 0.0049 0.0428 0.0508 0.2895 0.0076 0.0897 0.0594 0.0197 0.0494 
         212  8 0.0532 0.0062 0.0458 0.0441 0.0055 0.0694 0.0216 0.1521 0.0059 0.0266 0.0055 0.0105 0.0191 0.0417 0.0580 0.0451 0.2214 0.0973 0.0236 0.0475 
         215 18 0.0777 0.0141 0.0466 0.0762 0.0328 0.0444 0.0233 0.0587 0.0107 0.0886 0.0133 0.0075 0.0471 0.0602 0.0918 0.0168 0.1089 0.0567 0.0660 0.0587 
         217  1 0.0577 0.0606 0.0757 0.0969 0.0103 0.0275 0.0708 0.0305 0.0539 0.0448 0.0492 0.0183 0.0317 0.0416 0.0926 0.0147 0.1046 0.0430 0.0274 0.0483 
         228 13 0.0886 0.0068 0.2091 0.0778 0.0067 0.0390 0.0220 0.0309 0.0086 0.0821 0.0064 0.0080 0.0458 0.0359 0.0262 0.0129 0.0388 0.0926 0.0581 0.1038 
         229 13 0.0483 0.0039 0.1127 0.0935 0.0060 0.0177 0.0141 0.0655 0.0035 0.0910 0.0045 0.0050 0.2060 0.0266 0.0133 0.0066 0.0829 0.0458 0.0192 0.1339 
         231 13 0.0915 0.0061 0.0367 0.0624 0.0061 0.0238 0.0164 0.0379 0.0063 0.0814 0.0062 0.0075 0.0476 0.0638 0.0112 0.0080 0.0870 0.0626 0.0342 0.3033 
         234 17 0.1145 0.0177 0.0226 0.0258 0.0082 0.0341 0.0690 0.0333 0.0131 0.0341 0.0074 0.0143 0.1697 0.0646 0.0366 0.0226 0.0683 0.1488 0.0479 0.0475 
         240  7 0.1030 0.0057 0.0397 0.0431 0.0055 0.1073 0.0579 0.0352 0.0054 0.0405 0.0048 0.0055 0.0294 0.0509 0.2287 0.0081 0.0307 0.0721 0.0395 0.0871 
         245 14 0.0300 0.0079 0.0657 0.0686 0.0083 0.0190 0.0306 0.0721 0.0057 0.0321 0.0057 0.0109 0.0275 0.1254 0.0375 0.0888 0.0926 0.0761 0.1070 0.0884 
         248 20 0.0721 0.0118 0.0340 0.0400 0.0076 0.0456 0.0283 0.0473 0.0131 0.0348 0.0126 0.0113 0.1843 0.0819 0.0230 0.0211 0.1694 0.0619 0.0322 0.0677 
         254 13 0.0662 0.0205 0.0434 0.0476 0.0173 0.0238 0.0625 0.0399 0.0100 0.0570 0.0114 0.0334 0.0549 0.0553 0.0351 0.1500 0.0961 0.0485 0.0690 0.0582 
         255 13 0.0638 0.0071 0.0735 0.0462 0.0075 0.0430 0.0313 0.1096 0.0054 0.0609 0.0055 0.0078 0.0481 0.0654 0.0515 0.0231 0.1196 0.0707 0.0839 0.0762 
         269 13 0.0584 0.0219 0.1326 0.0783 0.0080 0.0330 0.0466 0.0427 0.0266 0.0385 0.0304 0.0137 0.1384 0.0331 0.0802 0.0127 0.0772 0.0488 0.0279 0.0510 
         271 14 0.0941 0.0095 0.0507 0.0712 0.0058 0.0989 0.0302 0.0698 0.0098 0.0412 0.0084 0.0082 0.0447 0.0580 0.0517 0.0236 0.0503 0.0874 0.0516 0.1348 
         273  1 0.1133 0.0151 0.3512 0.0373 0.0065 0.0216 0.0648 0.0183 0.0133 0.0411 0.0117 0.0163 0.0163 0.0304 0.0259 0.0124 0.0624 0.0549 0.0522 0.0350 
         274 14 0.0945 0.0110 0.0636 0.1190 0.0090 0.0298 0.0579 0.0275 0.0096 0.0413 0.0084 0.0108 0.0278 0.0849 0.0441 0.0236 0.0712 0.0684 0.1161 0.0814 
         277  4 0.1026 0.0158 0.0976 0.0736 0.0069 0.0697 0.0378 0.0378 0.0145 0.0499 0.0139 0.0082 0.0332 0.0626 0.0878 0.0230 0.0551 0.0719 0.0616 0.0766 
         279 14 0.0408 0.0068 0.0567 0.1380 0.0092 0.0345 0.0202 0.0360 0.0073 0.0363 0.0066 0.0074 0.0374 0.0544 0.0377 0.0206 0.2487 0.0671 0.0831 0.0512 
         280 18 0.0440 0.0129 0.0393 0.0225 0.0096 0.0374 0.0300 0.0431 0.0186 0.0209 0.0153 0.0196 0.1552 0.0384 0.0242 0.1262 0.1846 0.0638 0.0293 0.0651 
         281 16 0.0075 0.0056 0.0072 0.0064 0.0064 0.0075 0.0067 0.0080 0.0051 0.0066 0.0049 0.0081 0.0102 0.0082 0.0063 0.8601 0.0098 0.0081 0.0090 0.0082 
         283 13 0.0535 0.0121 0.0279 0.0228 0.0103 0.0300 0.0514 0.0498 0.0101 0.0254 0.0059 0.0130 0.2925 0.0830 0.0191 0.0104 0.0787 0.1057 0.0461 0.0522 
         285 17 0.0465 0.0094 0.0376 0.0201 0.0082 0.0280 0.0388 0.0602 0.0090 0.0282 0.0085 0.0111 0.1986 0.1001 0.0216 0.0141 0.1830 0.0634 0.0402 0.0735 
         286 13 0.0220 0.0044 0.1709 0.0613 0.0074 0.0212 0.0206 0.1338 0.0036 0.0383 0.0045 0.0066 0.1605 0.0380 0.0264 0.0118 0.1313 0.0468 0.0390 0.0516 
         294  7 0.0598 0.0060 0.1510 0.0541 0.0060 0.0299 0.0680 0.0499 0.0053 0.0441 0.0064 0.0061 0.0340 0.0431 0.1656 0.0122 0.1212 0.0555 0.0349 0.0470 
         298  7 0.0624 0.0067 0.4598 0.0352 0.0056 0.0288 0.0766 0.0251 0.0068 0.0315 0.0072 0.0101 0.0229 0.0290 0.0310 0.0078 0.0370 0.0484 0.0240 0.0441 
         300 14 0.0359 0.0051 0.0625 0.0361 0.0070 0.0178 0.0398 0.0865 0.0049 0.0283 0.0050 0.0064 0.0306 0.0341 0.1058 0.0494 0.2793 0.0782 0.0398 0.0474 
         301 17 0.0365 0.0083 0.0677 0.0498 0.0100 0.0342 0.0321 0.0292 0.0085 0.0847 0.0106 0.0113 0.3339 0.0195 0.0246 0.0185 0.0700 0.0728 0.0298 0.0480 
         303  1 0.0847 0.0051 0.0482 0.0384 0.0058 0.1202 0.0274 0.0875 0.0048 0.0437 0.0048 0.0070 0.0688 0.0489 0.0471 0.0350 0.0484 0.0865 0.0603 0.1274 
         306 20 0.0694 0.0057 0.0905 0.0616 0.0055 0.0859 0.0529 0.0363 0.0063 0.0334 0.0057 0.0056 0.0305 0.0469 0.1903 0.0099 0.0509 0.0761 0.0384 0.0984 
         310 13 0.0899 0.0068 0.0548 0.0261 0.0066 0.0235 0.0897 0.0642 0.0068 0.0326 0.0059 0.0066 0.0247 0.0301 0.1674 0.0286 0.1296 0.0920 0.0515 0.0628 
         311 17 0.0321 0.0046 0.0360 0.0290 0.0070 0.2520 0.0163 0.0683 0.0048 0.0199 0.0049 0.0063 0.1768 0.0544 0.0564 0.0155 0.0437 0.0624 0.0231 0.0866 
         315 16 0.0108 0.0074 0.0103 0.0093 0.0055 0.0094 0.0088 0.0112 0.0070 0.0095 0.0073 0.0070 0.0093 0.0087 0.0108 0.8280 0.0107 0.0100 0.0095 0.0097 
         318  4 0.1104 0.0152 0.0530 0.0805 0.0183 0.0993 0.0713 0.0333 0.0218 0.0878 0.0241 0.0093 0.0260 0.0466 0.0873 0.0126 0.0414 0.0554 0.0302 0.0760 
         321  1 0.1208 0.0161 0.0664 0.0971 0.0099 0.0655 0.0999 0.0316 0.0173 0.0626 0.0197 0.0070 0.0242 0.0340 0.0921 0.0107 0.0400 0.0582 0.0364 0.0904 
         325 19 0.0550 0.0079 0.2102 0.0752 0.0078 0.0231 0.0449 0.0296 0.0063 0.0449 0.0111 0.0069 0.0898 0.0541 0.0348 0.0469 0.0478 0.0691 0.0592 0.0753 
         334 19 0.0505 0.0126 0.0919 0.0663 0.0084 0.0353 0.0470 0.0590 0.0133 0.0401 0.0161 0.0090 0.0500 0.0762 0.0350 0.0183 0.0673 0.0904 0.0877 0.1259 
         335 13 0.0519 0.0142 0.0562 0.0302 0.0118 0.0479 0.0619 0.1027 0.0162 0.0382 0.0184 0.0129 0.1515 0.0502 0.0609 0.0315 0.0457 0.0688 0.0389 0.0899 
         340 20 0.1156 0.0063 0.0351 0.0151 0.0074 0.0640 0.0307 0.0835 0.0051 0.0531 0.0049 0.0063 0.0889 0.0723 0.0240 0.0205 0.0675 0.0968 0.0581 0.1447 
         341  7 0.0787 0.0202 0.0579 0.0169 0.0098 0.0703 0.0468 0.0746 0.0179 0.0323 0.0149 0.0431 0.0663 0.0630 0.0292 0.0172 0.1410 0.0879 0.0363 0.0758 
         342 13 0.0342 0.0276 0.1098 0.0388 0.0193 0.0177 0.0822 0.0279 0.0150 0.0424 0.0266 0.1549 0.1040 0.0228 0.0392 0.0139 0.0815 0.0394 0.0276 0.0751 
         343 18 0.0560 0.0081 0.0650 0.0978 0.0090 0.0147 0.0192 0.0516 0.0080 0.0859 0.0082 0.0092 0.0297 0.0653 0.0125 0.0081 0.1912 0.0504 0.0485 0.1618 
         344 17 0.1015 0.0076 0.0545 0.0367 0.0072 0.0246 0.0716 0.0765 0.0079 0.0487 0.0075 0.0082 0.0365 0.0278 0.0649 0.0308 0.1615 0.0946 0.0370 0.0945 
         345 16 0.0305 0.0101 0.0226 0.0153 0.0078 0.0187 0.0196 0.0197 0.0081 0.0183 0.0078 0.0121 0.0159 0.0169 0.0250 0.6509 0.0202 0.0238 0.0307 0.0259 
         346  3 0.0677 0.0078 0.0503 0.0453 0.0067 0.1390 0.0265 0.0576 0.0078 0.0258 0.0076 0.0120 0.0290 0.1136 0.0378 0.0149 0.1294 0.1160 0.0385 0.0667 
         348 14 0.0503 0.0065 0.0860 0.0615 0.0102 0.0297 0.0413 0.0560 0.0053 0.0602 0.0056 0.0078 0.0406 0.0625 0.0666 0.0119 0.1844 0.0624 0.0993 0.0517 
         349 18 0.0393 0.0054 0.0305 0.0455 0.0060 0.0531 0.0146 0.0408 0.0047 0.0325 0.0049 0.0068 0.0318 0.0570 0.0409 0.2956 0.0740 0.0840 0.0738 0.0587 
         350 14 0.0430 0.0318 0.0290 0.0332 0.0138 0.0295 0.0327 0.0343 0.0425 0.0262 0.0282 0.0356 0.1486 0.0514 0.0457 0.1005 0.1216 0.0579 0.0493 0.0452 
         351 17 0.1304 0.0085 0.0564 0.0536 0.0076 0.0254 0.0303 0.1016 0.0085 0.0845 0.0075 0.0084 0.0188 0.0344 0.0454 0.0223 0.0601 0.0658 0.0317 0.1989 
         357  7 0.0619 0.0139 0.1283 0.0500 0.0185 0.0250 0.0987 0.0467 0.0103 0.0772 0.0107 0.0182 0.0407 0.0716 0.0470 0.0080 0.0444 0.0878 0.0934 0.0476 
         363 12 0.0302 0.0308 0.0673 0.0815 0.0183 0.0130 0.0591 0.0302 0.0180 0.0238 0.0195 0.3692 0.0249 0.0387 0.0188 0.0248 0.0216 0.0408 0.0397 0.0298 
         364  3 0.0256 0.0106 0.1188 0.1920 0.0106 0.0217 0.0341 0.0612 0.0096 0.0815 0.0114 0.0284 0.0746 0.0637 0.0271 0.0060 0.0455 0.0726 0.0580 0.0470 
         365  1 0.0297 0.0098 0.0336 0.0579 0.0111 0.0274 0.0202 0.1088 0.0100 0.0534 0.0093 0.0258 0.1968 0.0871 0.0196 0.0257 0.0971 0.0937 0.0479 0.0350 
         366 18 0.0113 0.0036 0.0549 0.0321 0.0092 0.0174 0.0144 0.0639 0.0036 0.0226 0.0040 0.0059 0.5330 0.0404 0.0147 0.0037 0.0908 0.0366 0.0164 0.0215 
         367 18 0.0722 0.0110 0.0581 0.0418 0.0160 0.0245 0.0721 0.0684 0.0071 0.1361 0.0111 0.0110 0.0519 0.0659 0.0357 0.0282 0.0668 0.1123 0.0731 0.0368 
         369 13 0.0238 0.0086 0.0311 0.0283 0.0208 0.0532 0.0224 0.0867 0.0089 0.0178 0.0085 0.0157 0.1768 0.0573 0.1871 0.0683 0.0389 0.0842 0.0301 0.0314 
         370 18 0.0206 0.0061 0.0364 0.0711 0.0171 0.0186 0.0257 0.1208 0.0063 0.0223 0.0060 0.0070 0.1139 0.2661 0.0287 0.0061 0.0759 0.0766 0.0376 0.0370 
         371  4 0.0511 0.0083 0.0352 0.1831 0.0179 0.0185 0.0164 0.0991 0.0078 0.0607 0.0079 0.0089 0.0451 0.1913 0.0210 0.0089 0.0479 0.0643 0.0481 0.0584 
         372 18 0.0519 0.0064 0.0637 0.0543 0.0165 0.0231 0.0797 0.0886 0.0066 0.0196 0.0062 0.0127 0.1553 0.1174 0.0380 0.0072 0.0380 0.1065 0.0540 0.0543 
         374 13 0.0161 0.0076 0.0350 0.0580 0.0299 0.0279 0.0168 0.0720 0.0069 0.0209 0.0076 0.0114 0.2379 0.2049 0.0418 0.0067 0.0617 0.0599 0.0507 0.0264 
         376 13 0.0260 0.0058 0.0220 0.0229 0.0326 0.0310 0.0204 0.1360 0.0048 0.0440 0.0049 0.1239 0.0979 0.0708 0.0260 0.0061 0.0258 0.1204 0.1190 0.0596 
         377  7 0.0611 0.0111 0.1591 0.0970 0.0143 0.0349 0.0379 0.0304 0.0096 0.1711 0.0102 0.0089 0.0440 0.0583 0.0829 0.0048 0.0177 0.0769 0.0291 0.0407 
         378 13 0.0349 0.0078 0.0289 0.0290 0.0111 0.0221 0.0334 0.2923 0.0062 0.0592 0.0059 0.0100 0.0753 0.0623 0.0552 0.0071 0.0505 0.1085 0.0437 0.0567 
         379 18 0.0324 0.0075 0.0248 0.0621 0.0174 0.0438 0.0311 0.0663 0.0063 0.0464 0.0068 0.0643 0.1170 0.0893 0.0464 0.0078 0.0573 0.1247 0.0503 0.0981 
         380 18 0.0310 0.0100 0.0245 0.0833 0.0169 0.0378 0.0300 0.0484 0.0096 0.0379 0.0098 0.0773 0.1003 0.1027 0.0380 0.0065 0.0572 0.1244 0.0496 0.1050 
         382 14 0.0179 0.0095 0.0185 0.0234 0.0122 0.1085 0.0141 0.0737 0.0081 0.0211 0.0071 0.0081 0.2187 0.1451 0.1368 0.0050 0.0280 0.0778 0.0276 0.0388 
         389 18 0.0681 0.0115 0.0240 0.0757 0.0172 0.0490 0.0453 0.0509 0.0082 0.0647 0.0091 0.0247 0.1081 0.0909 0.0234 0.0097 0.0206 0.1012 0.0598 0.1381 
         394 18 0.0167 0.0114 0.0238 0.0767 0.0097 0.0171 0.0124 0.0659 0.0112 0.0211 0.0099 0.0115 0.0415 0.2622 0.0181 0.0128 0.1135 0.1241 0.0978 0.0424 
         395 18 0.0418 0.0075 0.0290 0.0986 0.0310 0.0766 0.0208 0.0987 0.0126 0.0682 0.0087 0.0224 0.0886 0.0692 0.0384 0.0071 0.0594 0.0974 0.0673 0.0567 
         396 16 0.0547 0.0111 0.0547 0.0776 0.0095 0.0339 0.0384 0.0789 0.0107 0.0484 0.0121 0.0080 0.0476 0.0986 0.1699 0.0086 0.0598 0.1029 0.0408 0.0336 
         397 13 0.0143 0.0123 0.0166 0.0224 0.0131 0.0123 0.0131 0.0573 0.0128 0.0171 0.0123 0.0234 0.2605 0.1817 0.0091 0.0098 0.1480 0.0739 0.0557 0.0343 
         398 20 0.0215 0.0069 0.0302 0.0156 0.0133 0.0193 0.0223 0.2605 0.0050 0.0332 0.0048 0.0100 0.0741 0.1587 0.0260 0.0083 0.0527 0.0873 0.1053 0.0450 
         402 14 0.0369 0.0068 0.0304 0.0313 0.0141 0.0282 0.0333 0.1121 0.0051 0.0369 0.0052 0.0116 0.0797 0.2175 0.0368 0.0147 0.0284 0.1036 0.1080 0.0593 
         404 13 0.0277 0.0063 0.0318 0.0357 0.0117 0.0265 0.0225 0.2156 0.0056 0.0348 0.0063 0.0089 0.1124 0.1150 0.0440 0.0140 0.0685 0.1170 0.0532 0.0427 
         406 14 0.0455 0.0100 0.0231 0.0651 0.0131 0.0514 0.0212 0.0571 0.0077 0.0449 0.0089 0.0128 0.0823 0.1606 0.0224 0.0173 0.0585 0.1433 0.0871 0.0677 
         407 14 0.0325 0.0066 0.0298 0.0913 0.0100 0.0503 0.0200 0.0881 0.0073 0.0325 0.0074 0.0095 0.1417 0.1416 0.0275 0.0071 0.0542 0.1177 0.0635 0.0614 
         408 12 0.0187 0.1572 0.0139 0.0231 0.0216 0.0149 0.0169 0.0281 0.2016 0.0163 0.0966 0.0875 0.0817 0.0647 0.0138 0.0083 0.0307 0.0452 0.0356 0.0235 
         409 14 0.0250 0.0057 0.0218 0.0395 0.0095 0.0239 0.0153 0.0827 0.0053 0.0250 0.0053 0.0077 0.0587 0.1529 0.0393 0.0428 0.1191 0.1905 0.0900 0.0401 
         412 13 0.0235 0.0093 0.0195 0.0184 0.0128 0.0754 0.0165 0.2345 0.0100 0.0217 0.0134 0.0353 0.1935 0.0794 0.0174 0.0192 0.0370 0.1013 0.0240 0.0381 
         416 18 0.0502 0.0111 0.0358 0.0338 0.0107 0.0210 0.0603 0.1186 0.0127 0.0363 0.0157 0.0078 0.0480 0.0726 0.1210 0.0173 0.0565 0.1703 0.0530 0.0471 
         421  4 0.0654 0.0095 0.2882 0.0454 0.0060 0.0288 0.1526 0.0273 0.0095 0.1171 0.0112 0.0079 0.0232 0.0233 0.0348 0.0102 0.0333 0.0375 0.0316 0.0374 
         422 18 0.0465 0.0106 0.2653 0.0862 0.0070 0.0188 0.0514 0.0208 0.0085 0.1628 0.0100 0.0174 0.0243 0.0234 0.0186 0.0139 0.1013 0.0311 0.0580 0.0240 
         426 16 0.0074 0.0067 0.0067 0.0061 0.0047 0.0074 0.0065 0.0079 0.0059 0.0068 0.0053 0.0067 0.0066 0.0077 0.0067 0.8713 0.0072 0.0072 0.0078 0.0075 
         428  1 0.2543 0.0097 0.0578 0.1592 0.0056 0.0165 0.1006 0.0147 0.0084 0.0873 0.0095 0.0564 0.0089 0.0133 0.0269 0.0073 0.0128 0.0298 0.0143 0.1067 
         429 18 0.0370 0.0097 0.0907 0.0313 0.0247 0.0607 0.0224 0.0270 0.0155 0.0304 0.0090 0.0236 0.0329 0.0331 0.0397 0.3332 0.0340 0.0543 0.0511 0.0398 
         430 17 0.0275 0.0077 0.0179 0.0238 0.0571 0.1210 0.0332 0.0225 0.0163 0.0217 0.0143 0.1079 0.1472 0.0269 0.0206 0.0080 0.0373 0.0540 0.0426 0.1924 
         431 14 0.0450 0.0073 0.0599 0.1155 0.0063 0.1184 0.0270 0.0286 0.0067 0.0771 0.0072 0.0154 0.1335 0.0531 0.0516 0.0082 0.0619 0.0670 0.0472 0.0631 
         433 18 0.0623 0.0124 0.0991 0.1396 0.0076 0.0325 0.1105 0.0561 0.0108 0.0925 0.0090 0.0250 0.0300 0.0345 0.0434 0.0108 0.0242 0.0496 0.0447 0.1053 
         435  1 0.0553 0.0119 0.1064 0.0625 0.0074 0.0268 0.0524 0.1055 0.0114 0.1005 0.0092 0.0110 0.0485 0.0519 0.0207 0.0078 0.1486 0.0535 0.0378 0.0709 
         437  7 0.0799 0.0108 0.1163 0.0916 0.0082 0.0306 0.1154 0.0745 0.0086 0.1053 0.0075 0.0126 0.0260 0.0517 0.0581 0.0146 0.0421 0.0465 0.0421 0.0577 
         446 18 0.0371 0.0081 0.1038 0.1518 0.0058 0.0227 0.0538 0.0511 0.0087 0.0625 0.0086 0.0145 0.0384 0.0433 0.0361 0.0131 0.1380 0.0796 0.0479 0.0752 
         449  3 0.0632 0.0099 0.1753 0.0907 0.0077 0.0155 0.0910 0.0540 0.0099 0.0649 0.0101 0.0132 0.0728 0.0309 0.0225 0.0150 0.0861 0.0577 0.0374 0.0722 
         451  7 0.0389 0.0083 0.3243 0.1500 0.0070 0.0343 0.0479 0.0381 0.0078 0.0409 0.0098 0.0250 0.0356 0.0331 0.0233 0.0098 0.0686 0.0413 0.0219 0.0339 
         456  7 0.0488 0.0086 0.3764 0.0780 0.0059 0.0201 0.1081 0.0429 0.0074 0.0473 0.0085 0.0179 0.0272 0.0183 0.0420 0.0101 0.0428 0.0302 0.0267 0.0328 
         457  8 0.0215 0.0097 0.3347 0.0240 0.0065 0.0137 0.0301 0.0187 0.0089 0.0270 0.0085 0.0086 0.0157 0.0886 0.0177 0.0072 0.1851 0.0524 0.1011 0.0201 
         462 13 0.0468 0.0047 0.0593 0.0307 0.0063 0.0272 0.0320 0.0388 0.0042 0.0629 0.0042 0.0067 0.0603 0.0713 0.0158 0.0128 0.3313 0.0677 0.0705 0.0464 
         463 13 0.0506 0.0077 0.0854 0.0344 0.0214 0.0228 0.0557 0.0671 0.0055 0.0616 0.0058 0.0089 0.0566 0.1291 0.0273 0.0109 0.0905 0.0704 0.1461 0.0421 
         464  3 0.0512 0.0047 0.2829 0.0258 0.0076 0.0134 0.2844 0.0185 0.0042 0.0631 0.0046 0.0085 0.0146 0.0148 0.0265 0.0056 0.1100 0.0258 0.0168 0.0172 
         467  4 0.0358 0.0073 0.3432 0.1088 0.0062 0.0258 0.0415 0.0382 0.0078 0.0608 0.0087 0.0106 0.0757 0.0189 0.0252 0.0070 0.0593 0.0376 0.0323 0.0492 
         472  3 0.0758 0.0107 0.1735 0.0955 0.0060 0.0482 0.0749 0.0313 0.0122 0.0717 0.0116 0.0110 0.0420 0.0491 0.0342 0.0084 0.0676 0.0588 0.0482 0.0693 
         474 18 0.0446 0.0074 0.0768 0.1471 0.0056 0.0462 0.0288 0.0393 0.0090 0.0482 0.0084 0.0123 0.0605 0.0686 0.0165 0.0189 0.1214 0.0852 0.0632 0.0918 
         475 15 0.0628 0.0077 0.1139 0.0392 0.0067 0.0283 0.1038 0.0927 0.0061 0.1478 0.0081 0.0100 0.0386 0.0279 0.0721 0.0239 0.0462 0.0660 0.0452 0.0529 
         484  4 0.0507 0.0174 0.2370 0.0627 0.0077 0.0243 0.2408 0.0170 0.0153 0.0870 0.0174 0.0096 0.0137 0.0156 0.0905 0.0045 0.0232 0.0206 0.0159 0.0290 
         485 13 0.0550 0.0115 0.0416 0.2879 0.0094 0.0554 0.0350 0.0251 0.0114 0.0386 0.0129 0.0139 0.0672 0.0788 0.0591 0.0104 0.0238 0.0548 0.0499 0.0583 
         486 18 0.1100 0.0121 0.0344 0.0666 0.0097 0.0247 0.0244 0.0313 0.0116 0.0272 0.0109 0.0087 0.0271 0.3040 0.0353 0.0241 0.0416 0.1192 0.0468 0.0303 
         489  1 0.0848 0.0193 0.0385 0.0547 0.0309 0.0310 0.0955 0.0280 0.0112 0.0658 0.0130 0.0342 0.1255 0.0616 0.0479 0.0172 0.0885 0.0425 0.0745 0.0351 
         490  7 0.0827 0.0175 0.0389 0.0601 0.0295 0.0321 0.1280 0.0238 0.0115 0.0583 0.0127 0.0226 0.1095 0.0665 0.0681 0.0116 0.0945 0.0404 0.0596 0.0317 
         494  7 0.0910 0.0360 0.1038 0.1211 0.0227 0.0313 0.1481 0.0270 0.0157 0.0736 0.0249 0.0153 0.0288 0.0490 0.0562 0.0096 0.0444 0.0291 0.0336 0.0388 
         500 13 0.0443 0.0048 0.0462 0.0666 0.0148 0.0298 0.0447 0.0461 0.0046 0.0266 0.0045 0.0083 0.0934 0.1742 0.0304 0.0449 0.0659 0.0792 0.0934 0.0772 
         502 13 0.0366 0.0056 0.0814 0.0467 0.0172 0.0213 0.0444 0.0745 0.0045 0.0411 0.0049 0.0095 0.0913 0.0989 0.0340 0.0125 0.1631 0.0473 0.1302 0.0351 
         507 18 0.0446 0.0083 0.0787 0.0441 0.0155 0.0839 0.0661 0.1176 0.0072 0.0316 0.0093 0.0135 0.0516 0.1300 0.0806 0.0119 0.0422 0.0815 0.0343 0.0472 
         509 14 0.0407 0.0079 0.0817 0.0604 0.0138 0.0266 0.0841 0.0631 0.0072 0.0368 0.0084 0.0054 0.0349 0.1155 0.2020 0.0126 0.0643 0.0526 0.0488 0.0332 
         512 20 0.1144 0.0295 0.0886 0.0975 0.0218 0.0433 0.1698 0.0203 0.0178 0.0697 0.0419 0.0117 0.0334 0.0366 0.0532 0.0143 0.0246 0.0324 0.0340 0.0452 
         513 14 0.0260 0.0070 0.0858 0.1870 0.0168 0.0199 0.0456 0.0454 0.0070 0.0316 0.0073 0.0091 0.0503 0.0948 0.0580 0.0085 0.1491 0.0489 0.0671 0.0350 
         514  1 0.0767 0.0321 0.0753 0.0932 0.0316 0.0756 0.0802 0.0181 0.0181 0.0531 0.0290 0.0167 0.0646 0.0565 0.0958 0.0078 0.0587 0.0376 0.0382 0.0411 
         515 16 0.0099 0.0086 0.0081 0.0088 0.0054 0.0112 0.0074 0.0111 0.0086 0.0090 0.0080 0.0091 0.0132 0.0108 0.0083 0.8218 0.0118 0.0100 0.0095 0.0096 
         518 16 0.0112 0.0180 0.0089 0.0080 0.0065 0.0093 0.0098 0.0103 0.0150 0.0099 0.0148 0.0149 0.0116 0.0104 0.0093 0.7913 0.0098 0.0099 0.0112 0.0101 
         519 16 0.0086 0.0069 0.0075 0.0069 0.0063 0.0098 0.0069 0.0100 0.0063 0.0084 0.0071 0.0084 0.0124 0.0087 0.0069 0.8441 0.0087 0.0087 0.0087 0.0087 
         520 16 0.0291 0.0114 0.0251 0.0189 0.0116 0.0263 0.0254 0.0280 0.0103 0.0282 0.0123 0.0190 0.0479 0.0346 0.0231 0.5095 0.0498 0.0290 0.0369 0.0236 
         521 16 0.0535 0.0162 0.0190 0.0401 0.0074 0.0542 0.0416 0.0320 0.0136 0.0221 0.0074 0.0181 0.0534 0.0460 0.0193 0.4028 0.0121 0.0701 0.0355 0.0357 
         523 16 0.0232 0.0296 0.0307 0.0216 0.0079 0.0307 0.0182 0.0251 0.0345 0.0227 0.0424 0.0922 0.0326 0.0154 0.0232 0.4729 0.0153 0.0192 0.0177 0.0249 
         524 16 0.0126 0.0070 0.0113 0.0125 0.0056 0.0140 0.0096 0.0125 0.0071 0.0111 0.0070 0.0117 0.0146 0.0158 0.0083 0.7772 0.0143 0.0145 0.0168 0.0164 
         526 19 0.0246 0.0211 0.0105 0.0178 0.0072 0.0094 0.0191 0.0093 0.0107 0.0139 0.0112 0.0311 0.0078 0.0144 0.0113 0.0127 0.0079 0.0182 0.7207 0.0210 
         531  1 0.0971 0.0089 0.0244 0.2027 0.0055 0.1651 0.0342 0.0267 0.0082 0.0607 0.0095 0.0103 0.0260 0.0300 0.1349 0.0072 0.0165 0.0417 0.0181 0.0722 
         532 19 0.0541 0.0114 0.0245 0.0412 0.0073 0.0372 0.0406 0.0319 0.0097 0.0252 0.0100 0.0725 0.0157 0.0346 0.0235 0.0176 0.0340 0.1917 0.2558 0.0614 
         533 18 0.1061 0.0113 0.0237 0.0663 0.0060 0.1155 0.0328 0.0366 0.0096 0.0609 0.0103 0.0186 0.0586 0.0421 0.0263 0.0093 0.0210 0.0719 0.0375 0.2356 
         534  1 0.0879 0.0161 0.0611 0.0883 0.0107 0.2340 0.0310 0.0244 0.0083 0.1419 0.0115 0.0161 0.0131 0.0322 0.0276 0.0105 0.0141 0.0380 0.0192 0.1140 
         541  7 0.0731 0.0192 0.0453 0.1304 0.0079 0.0548 0.0437 0.0647 0.0145 0.0664 0.0152 0.0261 0.0366 0.0537 0.0394 0.0096 0.0433 0.0650 0.0516 0.1395 
         542  1 0.1235 0.0166 0.0509 0.0904 0.0057 0.0551 0.0829 0.0400 0.0164 0.0573 0.0173 0.0148 0.0192 0.0204 0.1984 0.0091 0.0248 0.0486 0.0231 0.0853 
         544 18 0.0708 0.0154 0.0350 0.0318 0.0095 0.0305 0.1205 0.0383 0.0101 0.0396 0.0144 0.0626 0.0827 0.0824 0.0192 0.0279 0.0382 0.1290 0.0421 0.1001 
         545 19 0.0926 0.0139 0.0448 0.0662 0.0069 0.0393 0.0564 0.0682 0.0098 0.0620 0.0119 0.0231 0.0396 0.0564 0.0472 0.0221 0.0651 0.0884 0.0616 0.1246 
         546  7 0.1212 0.0114 0.0348 0.0577 0.0093 0.1032 0.0663 0.0561 0.0068 0.0997 0.0087 0.0209 0.0381 0.0364 0.0428 0.0120 0.0273 0.0544 0.0394 0.1534 
         548  7 0.1869 0.0091 0.0300 0.0812 0.0066 0.0332 0.0327 0.0516 0.0082 0.1093 0.0083 0.0116 0.0191 0.0319 0.0356 0.0125 0.0346 0.0560 0.0284 0.2132 
         552 18 0.0728 0.0363 0.0477 0.0789 0.0091 0.0431 0.1269 0.0389 0.0358 0.0448 0.0302 0.0294 0.0237 0.0349 0.1145 0.0068 0.0245 0.0506 0.0348 0.1163 
         554 13 0.0513 0.0059 0.2514 0.1457 0.0066 0.0341 0.0174 0.0257 0.0062 0.1160 0.0068 0.0072 0.0975 0.0260 0.0351 0.0074 0.0293 0.0565 0.0305 0.0433 
         555  7 0.1419 0.0084 0.1214 0.0645 0.0078 0.0444 0.0381 0.0232 0.0074 0.1400 0.0062 0.0112 0.0372 0.0446 0.0489 0.0173 0.0163 0.0751 0.0653 0.0809 
         556 18 0.0887 0.0056 0.0367 0.0668 0.0074 0.0885 0.0205 0.0861 0.0053 0.1015 0.0053 0.0167 0.0351 0.0587 0.0221 0.0058 0.0714 0.0788 0.0238 0.1754 
         559  1 0.0765 0.0210 0.0779 0.0694 0.0055 0.0783 0.0573 0.0189 0.0161 0.0714 0.0181 0.0136 0.0232 0.0225 0.2748 0.0067 0.0149 0.0396 0.0341 0.0604 
         560  4 0.0635 0.0066 0.4122 0.0773 0.0073 0.0191 0.0545 0.0275 0.0069 0.0546 0.0063 0.0077 0.0263 0.0260 0.0624 0.0064 0.0397 0.0429 0.0255 0.0272 
         564 18 0.0790 0.0072 0.0318 0.0239 0.0062 0.1968 0.0276 0.0960 0.0059 0.0419 0.0058 0.0116 0.0441 0.0977 0.0328 0.0089 0.0885 0.0997 0.0275 0.0671 
         568  3 0.1966 0.0074 0.1309 0.0269 0.0072 0.0234 0.1765 0.0296 0.0057 0.0768 0.0058 0.0171 0.0246 0.0316 0.0403 0.0170 0.0399 0.0654 0.0348 0.0425 
         569 14 0.0809 0.0184 0.0400 0.0777 0.0073 0.0631 0.0360 0.0488 0.0230 0.0549 0.0162 0.0137 0.0641 0.0670 0.0293 0.0072 0.0579 0.0864 0.0551 0.1529 
         570  1 0.1014 0.0673 0.0571 0.0284 0.0087 0.1325 0.0411 0.0292 0.0435 0.0487 0.0328 0.0203 0.0284 0.0404 0.1114 0.0319 0.0231 0.0482 0.0479 0.0576 
         571 18 0.0668 0.0065 0.0359 0.0559 0.0059 0.2593 0.0262 0.0669 0.0060 0.0378 0.0063 0.0110 0.0321 0.0858 0.0674 0.0084 0.0779 0.0792 0.0219 0.0427 
         575 18 0.0796 0.0089 0.0318 0.0517 0.0060 0.1258 0.0260 0.0740 0.0075 0.0635 0.0067 0.0097 0.0388 0.0524 0.1019 0.0248 0.0349 0.0924 0.0601 0.1034 
         576  7 0.1295 0.0297 0.0567 0.1139 0.0095 0.0614 0.0848 0.0239 0.0139 0.1099 0.0177 0.0332 0.0227 0.0243 0.0763 0.0185 0.0165 0.0363 0.0437 0.0778 
         580 18 0.0828 0.0150 0.0447 0.2425 0.0104 0.0546 0.0593 0.0241 0.0135 0.0892 0.0140 0.0132 0.0301 0.0332 0.0568 0.0059 0.0705 0.0442 0.0408 0.0554 
         582  6 0.0599 0.0096 0.0229 0.0264 0.0127 0.1725 0.0197 0.0411 0.0173 0.0418 0.0110 0.0087 0.1398 0.0959 0.0285 0.0059 0.1288 0.0632 0.0239 0.0703 
         583 16 0.0216 0.0186 0.0158 0.0164 0.0077 0.0311 0.0116 0.0232 0.0151 0.0173 0.0135 0.0178 0.0174 0.0168 0.0151 0.6741 0.0144 0.0164 0.0165 0.0194 
         584 16 0.0410 0.0700 0.0287 0.0238 0.0100 0.0284 0.0313 0.0352 0.0768 0.0222 0.0392 0.0376 0.0174 0.0196 0.0347 0.3713 0.0231 0.0282 0.0248 0.0366 
         592  7 0.0703 0.0111 0.0586 0.0567 0.0082 0.0497 0.0521 0.0860 0.0092 0.0657 0.0083 0.0069 0.0317 0.0884 0.1361 0.0077 0.1077 0.0567 0.0437 0.0453 
         593 18 0.0414 0.0141 0.0379 0.0404 0.0067 0.1576 0.0185 0.1128 0.0125 0.0350 0.0117 0.0095 0.1017 0.0908 0.0749 0.0130 0.0538 0.0629 0.0285 0.0763 
         599  4 0.0894 0.0208 0.0474 0.0890 0.0073 0.0747 0.0332 0.0773 0.0221 0.0602 0.0162 0.0124 0.0385 0.0580 0.0523 0.0131 0.0665 0.0728 0.0595 0.0892 
         604 18 0.0541 0.0079 0.0332 0.0484 0.0068 0.0568 0.0262 0.0498 0.0088 0.0461 0.0088 0.0114 0.1881 0.0632 0.0140 0.0067 0.0688 0.0775 0.0409 0.1826 
         612 18 0.0271 0.0051 0.0205 0.0163 0.0073 0.1718 0.0152 0.0377 0.0045 0.0261 0.0044 0.0073 0.3396 0.0585 0.0404 0.0069 0.0648 0.0549 0.0361 0.0556 
         613 18 0.0271 0.0050 0.0173 0.0132 0.0062 0.2466 0.0138 0.0397 0.0045 0.0239 0.0044 0.0067 0.3090 0.0547 0.0420 0.0076 0.0382 0.0523 0.0278 0.0601 
         615 15 0.0916 0.0069 0.0344 0.0172 0.0074 0.0353 0.1564 0.0356 0.0058 0.0403 0.0053 0.0096 0.0407 0.0663 0.0252 0.0081 0.0312 0.1858 0.0571 0.1399 
         616 17 0.0641 0.0105 0.0233 0.0171 0.0078 0.0284 0.0372 0.0618 0.0085 0.0482 0.0081 0.0183 0.1383 0.0536 0.0345 0.0501 0.1763 0.0894 0.0650 0.0594 
         620 13 0.0992 0.0082 0.0381 0.0324 0.0060 0.0562 0.0511 0.0816 0.0081 0.0575 0.0075 0.0104 0.0758 0.0445 0.0455 0.0126 0.0608 0.1046 0.0490 0.1511 
         623 18 0.0641 0.0096 0.0466 0.0391 0.0081 0.1325 0.0326 0.0548 0.0099 0.0409 0.0094 0.0157 0.0617 0.0328 0.0987 0.1074 0.0479 0.0723 0.0407 0.0752 
         624  3 0.0736 0.0084 0.0419 0.0375 0.0063 0.0841 0.0452 0.0656 0.0078 0.0330 0.0075 0.0170 0.0300 0.0839 0.0565 0.0110 0.1648 0.1268 0.0389 0.0602 
         625 18 0.0414 0.0060 0.1007 0.0714 0.0066 0.0311 0.0325 0.1270 0.0049 0.0656 0.0065 0.0092 0.1448 0.0312 0.0739 0.0153 0.0698 0.0669 0.0358 0.0595 
         626 18 0.0624 0.0062 0.0530 0.0411 0.0066 0.0493 0.0386 0.1365 0.0047 0.0816 0.0055 0.0108 0.0716 0.0426 0.0882 0.0259 0.0693 0.0778 0.0558 0.0723 
         627 10 0.0685 0.0069 0.0461 0.0374 0.0068 0.0948 0.0419 0.0864 0.0053 0.0683 0.0056 0.0085 0.0656 0.0788 0.0971 0.0115 0.0432 0.0789 0.0607 0.0877 
         630 18 0.0374 0.0076 0.0484 0.0828 0.0072 0.0436 0.0233 0.0595 0.0062 0.0553 0.0067 0.0136 0.0645 0.0903 0.0358 0.0171 0.1061 0.0924 0.1171 0.0849 
         634 18 0.0543 0.0315 0.0927 0.1665 0.0098 0.0389 0.0714 0.0255 0.0245 0.0743 0.0312 0.0312 0.0371 0.0353 0.0401 0.0061 0.0459 0.0451 0.0486 0.0899 
         635  4 0.0761 0.0098 0.0384 0.0769 0.0229 0.0826 0.0476 0.0358 0.0106 0.0845 0.0091 0.0322 0.0516 0.0774 0.0560 0.0187 0.0321 0.0659 0.0865 0.0852 
         639 17 0.0866 0.0070 0.0371 0.0501 0.0075 0.0297 0.0924 0.0286 0.0055 0.0483 0.0053 0.0093 0.0241 0.0684 0.1812 0.0273 0.0574 0.0855 0.0911 0.0576 
         640 13 0.0591 0.0190 0.0334 0.0542 0.0095 0.0590 0.0466 0.0523 0.0241 0.0478 0.0178 0.0466 0.1618 0.0410 0.0398 0.0111 0.0565 0.0648 0.0577 0.0979 
         641  7 0.1291 0.0128 0.0336 0.0700 0.0078 0.1344 0.0723 0.0280 0.0106 0.0695 0.0104 0.0104 0.0365 0.0438 0.0773 0.0074 0.0310 0.0645 0.0397 0.1111 
         642  1 0.0688 0.0056 0.0229 0.0472 0.0092 0.3466 0.0223 0.0433 0.0078 0.0634 0.0063 0.0135 0.0562 0.0257 0.0532 0.0099 0.0203 0.0537 0.0308 0.0932 
         647  7 0.0889 0.0130 0.0811 0.0210 0.0070 0.0582 0.0781 0.1051 0.0108 0.0616 0.0093 0.0079 0.0471 0.0670 0.0734 0.0072 0.0475 0.0653 0.0409 0.1098 
         651 13 0.0386 0.0070 0.0822 0.0593 0.0114 0.0316 0.0609 0.2263 0.0056 0.0603 0.0055 0.0184 0.0556 0.0419 0.0457 0.0142 0.0356 0.0450 0.0518 0.1031 
         660  7 0.1442 0.0247 0.0701 0.0473 0.0082 0.0374 0.0757 0.0394 0.0175 0.0902 0.0232 0.0131 0.0398 0.0359 0.0361 0.0147 0.1078 0.0601 0.0381 0.0765 
