           1 19 0.0000 0.0000 0.0000 0.0000 1.0000 0.0000 0.0000 0.0000 0.0000 0.0000 0.0000 0.0000 0.0000 0.0000 0.0000 0.0000 0.0000 0.0000 0.0000 0.0000 
           2  8 0.0007 0.0000 0.0004 0.0001 0.0019 0.0004 0.0014 0.9842 0.0000 0.0011 0.0000 0.0000 0.0007 0.0030 0.0002 0.0000 0.0001 0.0017 0.0031 0.0008 
           4 20 0.0043 0.0000 0.0021 0.0005 0.0007 0.0057 0.0010 0.0001 0.0000 0.0012 0.0000 0.0000 0.0008 0.0005 0.0008 0.0000 0.0011 0.0007 0.0018 0.9788 
           5 18 0.0006 0.0000 0.0001 0.0000 0.0000 0.0003 0.0003 0.0002 0.0000 0.0010 0.0000 0.0000 0.0010 0.0006 0.0000 0.0000 0.0006 0.9926 0.0014 0.0012 
           6  9 0.0000 0.0007 0.0000 0.0000 0.0000 0.0000 0.0000 0.0000 0.9991 0.0000 0.0002 0.0000 0.0000 0.0000 0.0000 0.0000 0.0000 0.0000 0.0000 0.0000 
           7 17 0.0001 0.0000 0.0004 0.0001 0.0000 0.0000 0.0265 0.0000 0.0000 0.0015 0.0000 0.0000 0.0000 0.0000 0.0000 0.0000 0.9713 0.0000 0.0000 0.0000 
           9 17 0.0456 0.0061 0.0477 0.0430 0.0073 0.1244 0.0276 0.2097 0.0058 0.0566 0.0062 0.0101 0.0813 0.0338 0.0610 0.0135 0.0257 0.0544 0.0308 0.1096 
          11  9 0.0090 0.1737 0.0081 0.0054 0.3075 0.0289 0.0092 0.0089 0.0195 0.0080 0.0132 0.0143 0.0118 0.0142 0.0085 0.3179 0.0078 0.0127 0.0129 0.0087 
          12  3 0.0289 0.0094 0.0359 0.0298 0.0103 0.1370 0.0277 0.0948 0.0121 0.0223 0.0098 0.0735 0.0264 0.0738 0.0204 0.0047 0.2385 0.0783 0.0269 0.0394 
          13  3 0.0316 0.0242 0.0264 0.0174 0.2291 0.0211 0.0299 0.0258 0.0491 0.0298 0.0462 0.0347 0.0231 0.0489 0.0202 0.0051 0.0209 0.1250 0.1259 0.0656 
          16 14 0.0308 0.0257 0.0468 0.0286 0.1728 0.0186 0.0714 0.0679 0.0047 0.0263 0.0058 0.0051 0.0330 0.1065 0.0568 0.0348 0.0296 0.1644 0.0482 0.0223 
          21  6 0.0041 0.0000 0.0006 0.0384 0.0000 0.9454 0.0010 0.0000 0.0000 0.0044 0.0000 0.0000 0.0002 0.0003 0.0008 0.0000 0.0005 0.0009 0.0012 0.0022 
          24 13 0.0000 0.0000 0.0000 0.0000 0.0001 0.0001 0.0000 0.0000 0.0000 0.0000 0.0001 0.0000 0.9991 0.0000 0.0000 0.0005 0.0000 0.0000 0.0000 0.0000 
          28  1 0.9952 0.0000 0.0001 0.0001 0.0000 0.0002 0.0009 0.0000 0.0000 0.0002 0.0000 0.0000 0.0002 0.0005 0.0000 0.0000 0.0000 0.0003 0.0007 0.0015 
          32 18 0.0001 0.0000 0.0004 0.0001 0.0000 0.0003 0.0000 0.0002 0.0000 0.0006 0.0000 0.0000 0.0024 0.0005 0.0001 0.0000 0.0000 0.9944 0.0005 0.0003 
          33 13 0.0805 0.0122 0.0602 0.0371 0.0070 0.0482 0.0408 0.0858 0.0096 0.0419 0.0080 0.0083 0.0356 0.0933 0.0577 0.0205 0.0726 0.0908 0.0790 0.1111 
          34 17 0.0778 0.0096 0.0345 0.0333 0.0101 0.0265 0.0644 0.0333 0.0076 0.0540 0.0094 0.0094 0.1342 0.0287 0.0612 0.0224 0.0714 0.2317 0.0414 0.0389 
          35 20 0.1155 0.0401 0.0315 0.0714 0.0141 0.0751 0.0609 0.0391 0.0224 0.0793 0.0228 0.0444 0.0436 0.0543 0.0267 0.0237 0.0274 0.0493 0.0634 0.0950 
          37 10 0.0338 0.0073 0.0464 0.0381 0.0118 0.0164 0.0178 0.1756 0.0052 0.1644 0.0058 0.0136 0.0288 0.0704 0.0185 0.0109 0.1409 0.0445 0.0720 0.0779 
          39 19 0.0000 0.0000 0.0000 0.0000 0.0001 0.0000 0.0000 0.0000 0.0000 0.0000 0.0000 0.0000 0.0000 0.0000 0.0000 0.0000 0.0000 0.0000 0.9998 0.0000 
          42 19 0.0000 0.0000 0.0001 0.0000 0.0002 0.0000 0.0028 0.0005 0.0000 0.0001 0.0000 0.0000 0.0001 0.0015 0.0002 0.0000 0.0002 0.0003 0.9939 0.0002 
          44  7 0.0003 0.0000 0.0001 0.0004 0.0004 0.0001 0.9953 0.0000 0.0000 0.0004 0.0000 0.0000 0.0000 0.0009 0.0005 0.0000 0.0000 0.0002 0.0006 0.0008 
          45 17 0.0052 0.0000 0.0006 0.0014 0.0000 0.0039 0.0015 0.0004 0.0000 0.0014 0.0000 0.0000 0.0004 0.0009 0.0014 0.0000 0.9784 0.0013 0.0005 0.0028 
          49 12 0.0569 0.0343 0.0311 0.0374 0.0252 0.0460 0.0283 0.0370 0.0266 0.0332 0.0139 0.0236 0.0669 0.1166 0.0229 0.0230 0.0335 0.1989 0.1001 0.0447 
          55 13 0.0141 0.0038 0.0219 0.0363 0.0150 0.0259 0.0138 0.0528 0.0038 0.0275 0.0038 0.0053 0.2152 0.1070 0.0845 0.0131 0.0312 0.2586 0.0440 0.0224 
          57 13 0.0216 0.0085 0.0231 0.0929 0.0115 0.0206 0.0181 0.2466 0.0081 0.0296 0.0081 0.0098 0.0614 0.0989 0.0728 0.0078 0.0242 0.1605 0.0330 0.0431 
          59 18 0.0120 0.0123 0.0190 0.1337 0.0157 0.0099 0.0098 0.0605 0.0125 0.0162 0.0099 0.0098 0.0275 0.2979 0.0179 0.0088 0.0983 0.1251 0.0797 0.0235 
          64 13 0.0151 0.0099 0.0124 0.0120 0.0193 0.0157 0.0116 0.0882 0.0096 0.0126 0.0078 0.0286 0.1229 0.3059 0.0091 0.0073 0.1111 0.1361 0.0409 0.0240 
          65 13 0.0108 0.0095 0.0136 0.0239 0.0174 0.0096 0.0101 0.0626 0.0099 0.0129 0.0098 0.0162 0.2448 0.2696 0.0087 0.0086 0.0899 0.0970 0.0490 0.0261 
          66 13 0.0131 0.0055 0.0270 0.0413 0.0448 0.0301 0.0143 0.1465 0.0091 0.0164 0.0078 0.0324 0.2762 0.0907 0.0189 0.0042 0.0876 0.0952 0.0174 0.0215 
          67 20 0.0145 0.0066 0.0228 0.0206 0.0239 0.0134 0.0168 0.1869 0.0052 0.0194 0.0049 0.0075 0.0666 0.2980 0.0259 0.0061 0.0380 0.1167 0.0764 0.0297 
          69 14 0.0156 0.0048 0.0189 0.0398 0.0153 0.0339 0.0101 0.1284 0.0046 0.0155 0.0049 0.0121 0.0789 0.2898 0.0137 0.0079 0.0724 0.1714 0.0380 0.0241 
          71 13 0.0168 0.0052 0.0197 0.0414 0.0142 0.0240 0.0117 0.1787 0.0047 0.0206 0.0051 0.0070 0.1446 0.2429 0.0229 0.0090 0.0256 0.1290 0.0441 0.0327 
          74 17 0.0761 0.0091 0.0529 0.0508 0.0133 0.0664 0.0475 0.0586 0.0086 0.0509 0.0086 0.0216 0.0468 0.0667 0.0219 0.0069 0.1107 0.1403 0.0515 0.0908 
          75 16 0.0286 0.0061 0.0174 0.0130 0.0068 0.0150 0.0179 0.0166 0.0057 0.0183 0.0055 0.0091 0.0148 0.0294 0.0133 0.6356 0.0138 0.0704 0.0344 0.0282 
          77  1 0.0702 0.0088 0.0171 0.3599 0.0091 0.0352 0.0305 0.0275 0.0056 0.0601 0.0081 0.0242 0.0204 0.0275 0.0686 0.0170 0.0202 0.0799 0.0283 0.0817 
          78 19 0.0611 0.0060 0.0475 0.0461 0.0104 0.0107 0.0449 0.0329 0.0053 0.0304 0.0053 0.0090 0.0217 0.0583 0.0269 0.0112 0.0433 0.0650 0.4370 0.0273 
          79  1 0.0334 0.0598 0.0402 0.0661 0.0683 0.0208 0.0398 0.0385 0.0164 0.0200 0.0111 0.0144 0.0373 0.1066 0.0574 0.1744 0.0222 0.0662 0.0734 0.0337 
          82  7 0.0567 0.0176 0.0653 0.0614 0.0575 0.0552 0.0449 0.0417 0.0269 0.0362 0.0189 0.0328 0.0549 0.0530 0.1483 0.0366 0.0278 0.0733 0.0510 0.0399 
          86 10 0.0646 0.0366 0.0460 0.2002 0.0165 0.0277 0.0468 0.0345 0.0122 0.1024 0.0184 0.0302 0.0235 0.0498 0.0831 0.0078 0.0252 0.0662 0.0521 0.0561 
          91 13 0.0486 0.0066 0.0348 0.0934 0.0079 0.0416 0.0404 0.0882 0.0075 0.0319 0.0066 0.0076 0.0508 0.0584 0.1634 0.0072 0.0314 0.1474 0.0381 0.0882 
          92 13 0.0453 0.0066 0.0343 0.0715 0.0076 0.0229 0.0545 0.0859 0.0079 0.0288 0.0068 0.0075 0.0350 0.0397 0.2616 0.0079 0.0424 0.1397 0.0316 0.0624 
          93 13 0.0164 0.0054 0.0933 0.0673 0.0109 0.0112 0.0192 0.2833 0.0045 0.0323 0.0055 0.0068 0.1041 0.0459 0.0428 0.0096 0.1165 0.0667 0.0297 0.0287 
          97 13 0.0177 0.0056 0.0427 0.0491 0.0290 0.0417 0.0197 0.1116 0.0095 0.0210 0.0080 0.0311 0.2300 0.0615 0.0234 0.0052 0.1673 0.0765 0.0189 0.0306 
          98 13 0.0322 0.0058 0.0327 0.0460 0.0114 0.0209 0.0203 0.0489 0.0057 0.0295 0.0055 0.0069 0.1040 0.1765 0.0176 0.0068 0.1591 0.1189 0.0976 0.0537 
         102  7 0.0707 0.0125 0.0456 0.0555 0.0229 0.0477 0.0367 0.0594 0.0189 0.0618 0.0138 0.0166 0.0348 0.0538 0.1505 0.0143 0.0411 0.1248 0.0623 0.0563 
         104 14 0.0239 0.0093 0.0819 0.0999 0.0086 0.0130 0.0265 0.0182 0.0105 0.0477 0.0097 0.0148 0.0428 0.0251 0.0131 0.0249 0.4572 0.0270 0.0285 0.0176 
         106  7 0.0457 0.0054 0.1905 0.1159 0.0151 0.0166 0.1145 0.0339 0.0044 0.0413 0.0046 0.0091 0.0425 0.0869 0.0320 0.0267 0.0603 0.0411 0.0750 0.0387 
         111 20 0.0946 0.0048 0.1440 0.1986 0.0059 0.0218 0.1312 0.0176 0.0042 0.0444 0.0053 0.0108 0.0335 0.0263 0.0268 0.0073 0.1081 0.0421 0.0286 0.0440 
         113  3 0.0366 0.0063 0.3851 0.0981 0.0196 0.0145 0.0283 0.0345 0.0063 0.0734 0.0053 0.0062 0.0245 0.0376 0.0308 0.0078 0.0453 0.0553 0.0474 0.0370 
         115 18 0.0465 0.0102 0.1110 0.2829 0.0057 0.0316 0.0340 0.0356 0.0098 0.0663 0.0103 0.0111 0.0341 0.0475 0.0280 0.0118 0.0695 0.0540 0.0362 0.0638 
         116  1 0.1022 0.0061 0.1025 0.1580 0.0075 0.0449 0.1049 0.0343 0.0061 0.1109 0.0059 0.0055 0.0285 0.0245 0.0439 0.0055 0.1056 0.0360 0.0160 0.0514 
         127  3 0.0628 0.0104 0.1373 0.0171 0.0093 0.0325 0.1529 0.0313 0.0085 0.0331 0.0078 0.0161 0.0317 0.0590 0.0174 0.0884 0.0438 0.1134 0.0519 0.0755 
         130 14 0.0377 0.0044 0.0888 0.0675 0.0069 0.0833 0.0226 0.0338 0.0044 0.0413 0.0047 0.0066 0.1507 0.0618 0.0319 0.0135 0.1855 0.0622 0.0431 0.0494 
         132 15 0.0622 0.0085 0.1099 0.0318 0.0151 0.0137 0.1908 0.0583 0.0063 0.0599 0.0080 0.0065 0.0201 0.0323 0.1567 0.0211 0.0446 0.0701 0.0502 0.0339 
         135 14 0.0345 0.0062 0.0950 0.1034 0.0074 0.0519 0.0215 0.0277 0.0062 0.0463 0.0067 0.0098 0.0965 0.0520 0.0298 0.0122 0.2350 0.0592 0.0539 0.0448 
         138 18 0.0592 0.0090 0.0600 0.2089 0.0092 0.0368 0.0260 0.0484 0.0087 0.0296 0.0082 0.0069 0.0358 0.1051 0.0680 0.0504 0.0775 0.0593 0.0477 0.0453 
         146 13 0.0226 0.0041 0.1833 0.0614 0.0094 0.0200 0.0280 0.0163 0.0040 0.0438 0.0041 0.0055 0.0374 0.0712 0.0473 0.0133 0.1353 0.1202 0.1488 0.0238 
         150 13 0.0462 0.0060 0.1043 0.1980 0.0149 0.0317 0.0825 0.0744 0.0058 0.0284 0.0057 0.0085 0.0502 0.0577 0.0988 0.0172 0.0248 0.0408 0.0345 0.0697 
         151 15 0.0455 0.0117 0.2126 0.1257 0.0108 0.0180 0.1046 0.0158 0.0085 0.0338 0.0110 0.0062 0.0151 0.0428 0.2061 0.0085 0.0526 0.0249 0.0238 0.0220 
         152  4 0.0907 0.0077 0.2954 0.0858 0.0129 0.0156 0.1071 0.0185 0.0066 0.0312 0.0065 0.0190 0.0227 0.0490 0.0228 0.0273 0.0479 0.0442 0.0595 0.0295 
         154 19 0.0198 0.0056 0.1244 0.1090 0.0108 0.0115 0.0521 0.0677 0.0057 0.0189 0.0058 0.0079 0.0395 0.0685 0.0437 0.0119 0.2530 0.0528 0.0486 0.0429 
         156  1 0.0411 0.0034 0.1728 0.1099 0.0067 0.0166 0.2270 0.0194 0.0038 0.0114 0.0037 0.0057 0.0216 0.0201 0.2195 0.0087 0.0353 0.0301 0.0194 0.0236 
         160 16 0.0092 0.0058 0.0094 0.0086 0.0050 0.0075 0.0080 0.0104 0.0059 0.0079 0.0057 0.0056 0.0076 0.0080 0.0111 0.8444 0.0138 0.0096 0.0081 0.0083 
         161 16 0.0097 0.0053 0.0089 0.0092 0.0047 0.0079 0.0078 0.0098 0.0050 0.0082 0.0048 0.0059 0.0078 0.0085 0.0093 0.8482 0.0111 0.0095 0.0095 0.0091 
         162 16 0.0101 0.0054 0.0086 0.0093 0.0056 0.0100 0.0073 0.0101 0.0049 0.0088 0.0047 0.0059 0.0087 0.0090 0.0083 0.8457 0.0090 0.0092 0.0092 0.0099 
         169 16 0.0094 0.0050 0.0090 0.0083 0.0051 0.0099 0.0073 0.0109 0.0046 0.0086 0.0050 0.0063 0.0092 0.0081 0.0093 0.8479 0.0097 0.0092 0.0082 0.0092 
         170 16 0.0133 0.0063 0.0101 0.0093 0.0065 0.0148 0.0088 0.0133 0.0055 0.0111 0.0052 0.0061 0.0103 0.0120 0.0114 0.8078 0.0101 0.0128 0.0122 0.0131 
         171 14 0.0349 0.0054 0.0438 0.0521 0.0060 0.1095 0.0223 0.1038 0.0060 0.0189 0.0059 0.0244 0.0220 0.0609 0.0301 0.2047 0.0885 0.0788 0.0230 0.0588 
         175  1 0.0698 0.0087 0.0408 0.4552 0.0062 0.0534 0.0322 0.0182 0.0067 0.0536 0.0104 0.0083 0.0270 0.0149 0.0727 0.0068 0.0160 0.0292 0.0126 0.0572 
         177 10 0.0838 0.0522 0.0576 0.3021 0.0067 0.0434 0.0497 0.0114 0.0325 0.0558 0.0610 0.0177 0.0126 0.0137 0.0917 0.0087 0.0143 0.0223 0.0166 0.0463 
         180  1 0.0775 0.0077 0.0337 0.2376 0.0052 0.0479 0.0313 0.0305 0.0070 0.0445 0.0080 0.0149 0.0253 0.0290 0.0733 0.0313 0.0412 0.0863 0.0388 0.1290 
         186 17 0.0605 0.0488 0.0662 0.0655 0.0086 0.0355 0.0577 0.0300 0.0285 0.0596 0.0315 0.0466 0.0704 0.0467 0.0909 0.0164 0.0434 0.0577 0.0605 0.0749 
         187  1 0.0748 0.0085 0.0476 0.1696 0.0072 0.0871 0.0671 0.0282 0.0070 0.0769 0.0077 0.0093 0.0324 0.0313 0.1357 0.0067 0.0252 0.0500 0.0252 0.1024 
         188 17 0.0349 0.0100 0.0644 0.2945 0.0075 0.0271 0.0298 0.0250 0.0087 0.0524 0.0097 0.0159 0.0407 0.0481 0.0384 0.0078 0.0756 0.0567 0.0798 0.0731 
         189  4 0.0357 0.0259 0.0227 0.0625 0.0085 0.0276 0.0219 0.0205 0.0216 0.0320 0.0196 0.0642 0.1306 0.0550 0.0420 0.1134 0.1157 0.0688 0.0661 0.0457 
         190 18 0.0644 0.0069 0.0469 0.1220 0.0076 0.1264 0.0274 0.0423 0.0058 0.0646 0.0066 0.0098 0.0628 0.0472 0.1015 0.0192 0.0304 0.0733 0.0436 0.0914 
         191 20 0.0627 0.0115 0.0317 0.0400 0.0085 0.0313 0.0318 0.0362 0.0119 0.0448 0.0115 0.0127 0.2229 0.0637 0.0209 0.0103 0.1910 0.0560 0.0320 0.0686 
         198 14 0.0641 0.0082 0.0620 0.1168 0.0072 0.0791 0.0296 0.0735 0.0067 0.0617 0.0071 0.0079 0.0515 0.0613 0.1069 0.0171 0.0450 0.0697 0.0423 0.0823 
         206  3 0.1595 0.0090 0.1819 0.0582 0.0077 0.0209 0.1410 0.0202 0.0072 0.0541 0.0071 0.0196 0.0159 0.0257 0.0617 0.0365 0.0352 0.0624 0.0394 0.0369 
         210  3 0.0812 0.0097 0.0619 0.0261 0.0056 0.0655 0.0432 0.0423 0.0096 0.0314 0.0087 0.0048 0.0418 0.0501 0.2898 0.0078 0.0920 0.0600 0.0197 0.0488 
         212  8 0.0524 0.0061 0.0469 0.0456 0.0054 0.0705 0.0207 0.1472 0.0059 0.0265 0.0055 0.0104 0.0194 0.0419 0.0579 0.0452 0.2269 0.0953 0.0243 0.0460 
         215 18 0.0765 0.0141 0.0461 0.0757 0.0326 0.0440 0.0236 0.0597 0.0107 0.0880 0.0133 0.0075 0.0450 0.0590 0.0925 0.0174 0.1119 0.0586 0.0646 0.0590 
         217  1 0.0591 0.0606 0.0739 0.0963 0.0104 0.0282 0.0713 0.0312 0.0534 0.0457 0.0487 0.0183 0.0314 0.0407 0.0940 0.0148 0.1026 0.0427 0.0273 0.0494 
         228 13 0.0897 0.0068 0.2096 0.0801 0.0067 0.0400 0.0227 0.0309 0.0084 0.0787 0.0065 0.0079 0.0464 0.0366 0.0257 0.0130 0.0388 0.0906 0.0564 0.1046 
         229 13 0.0490 0.0039 0.1138 0.0913 0.0061 0.0176 0.0139 0.0653 0.0036 0.0914 0.0045 0.0050 0.2018 0.0272 0.0135 0.0065 0.0849 0.0442 0.0195 0.1369 
         231 13 0.0914 0.0061 0.0349 0.0607 0.0061 0.0240 0.0170 0.0387 0.0062 0.0805 0.0062 0.0074 0.0473 0.0631 0.0110 0.0078 0.0886 0.0610 0.0339 0.3081 
         234 17 0.1141 0.0179 0.0227 0.0260 0.0085 0.0344 0.0699 0.0336 0.0128 0.0336 0.0073 0.0141 0.1697 0.0649 0.0363 0.0223 0.0685 0.1477 0.0474 0.0482 
         240  7 0.1000 0.0056 0.0400 0.0427 0.0057 0.1085 0.0546 0.0356 0.0054 0.0404 0.0048 0.0054 0.0311 0.0512 0.2300 0.0083 0.0319 0.0710 0.0396 0.0882 
         245 14 0.0290 0.0079 0.0668 0.0695 0.0083 0.0189 0.0305 0.0729 0.0057 0.0311 0.0056 0.0109 0.0272 0.1256 0.0370 0.0873 0.0910 0.0790 0.1062 0.0897 
         248 20 0.0719 0.0117 0.0336 0.0392 0.0076 0.0458 0.0280 0.0481 0.0131 0.0350 0.0125 0.0113 0.1859 0.0823 0.0231 0.0208 0.1672 0.0627 0.0326 0.0676 
         254 13 0.0670 0.0206 0.0429 0.0472 0.0172 0.0242 0.0629 0.0400 0.0099 0.0574 0.0115 0.0328 0.0551 0.0555 0.0349 0.1494 0.0976 0.0478 0.0681 0.0579 
         255 13 0.0631 0.0070 0.0733 0.0459 0.0076 0.0447 0.0311 0.1101 0.0054 0.0594 0.0055 0.0080 0.0466 0.0670 0.0492 0.0229 0.1207 0.0734 0.0842 0.0749 
         269 13 0.0592 0.0224 0.1340 0.0778 0.0081 0.0334 0.0459 0.0420 0.0265 0.0388 0.0308 0.0136 0.1397 0.0327 0.0794 0.0129 0.0736 0.0491 0.0278 0.0523 
         271 14 0.0952 0.0092 0.0515 0.0705 0.0060 0.0973 0.0305 0.0686 0.0100 0.0414 0.0084 0.0081 0.0458 0.0579 0.0532 0.0237 0.0491 0.0859 0.0536 0.1342 
         273  1 0.1109 0.0149 0.3514 0.0372 0.0066 0.0225 0.0656 0.0178 0.0134 0.0420 0.0118 0.0165 0.0163 0.0307 0.0251 0.0126 0.0631 0.0545 0.0517 0.0353 
         274 14 0.0924 0.0110 0.0625 0.1217 0.0086 0.0302 0.0584 0.0265 0.0098 0.0410 0.0085 0.0107 0.0290 0.0855 0.0444 0.0230 0.0712 0.0681 0.1171 0.0803 
         277  4 0.1053 0.0157 0.0949 0.0753 0.0069 0.0698 0.0374 0.0366 0.0148 0.0489 0.0137 0.0084 0.0335 0.0616 0.0900 0.0236 0.0546 0.0709 0.0614 0.0767 
         279 14 0.0400 0.0068 0.0565 0.1420 0.0091 0.0354 0.0205 0.0376 0.0072 0.0361 0.0065 0.0075 0.0380 0.0563 0.0379 0.0204 0.2442 0.0661 0.0798 0.0520 
         280 18 0.0437 0.0129 0.0388 0.0224 0.0096 0.0373 0.0309 0.0422 0.0182 0.0216 0.0149 0.0190 0.1548 0.0384 0.0245 0.1260 0.1887 0.0611 0.0298 0.0654 
         281 16 0.0076 0.0055 0.0074 0.0064 0.0064 0.0075 0.0065 0.0080 0.0053 0.0068 0.0048 0.0080 0.0102 0.0080 0.0064 0.8603 0.0099 0.0081 0.0089 0.0081 
         283 13 0.0518 0.0121 0.0285 0.0225 0.0107 0.0308 0.0515 0.0504 0.0101 0.0254 0.0059 0.0129 0.2933 0.0810 0.0189 0.0105 0.0803 0.1048 0.0459 0.0527 
         285 17 0.0462 0.0094 0.0366 0.0203 0.0084 0.0282 0.0390 0.0600 0.0090 0.0290 0.0084 0.0110 0.1981 0.0980 0.0215 0.0140 0.1872 0.0620 0.0402 0.0734 
         286 13 0.0223 0.0043 0.1664 0.0636 0.0074 0.0215 0.0210 0.1338 0.0036 0.0383 0.0045 0.0066 0.1592 0.0385 0.0268 0.0121 0.1297 0.0476 0.0390 0.0537 
         294  7 0.0583 0.0059 0.1533 0.0527 0.0059 0.0297 0.0686 0.0503 0.0053 0.0436 0.0064 0.0061 0.0338 0.0433 0.1670 0.0120 0.1200 0.0565 0.0353 0.0458 
         298  7 0.0625 0.0065 0.4619 0.0338 0.0057 0.0292 0.0772 0.0248 0.0068 0.0314 0.0070 0.0100 0.0231 0.0290 0.0309 0.0078 0.0373 0.0476 0.0245 0.0429 
         300 14 0.0353 0.0052 0.0615 0.0364 0.0071 0.0179 0.0405 0.0902 0.0049 0.0288 0.0049 0.0064 0.0307 0.0338 0.1046 0.0489 0.2762 0.0779 0.0407 0.0483 
         301 17 0.0361 0.0083 0.0693 0.0498 0.0099 0.0350 0.0319 0.0294 0.0086 0.0859 0.0106 0.0111 0.3288 0.0199 0.0248 0.0187 0.0716 0.0736 0.0301 0.0465 
         303  1 0.0869 0.0051 0.0463 0.0392 0.0058 0.1207 0.0281 0.0852 0.0048 0.0432 0.0047 0.0070 0.0707 0.0495 0.0474 0.0353 0.0492 0.0839 0.0600 0.1269 
         306 20 0.0683 0.0057 0.0915 0.0642 0.0055 0.0872 0.0514 0.0363 0.0063 0.0321 0.0057 0.0056 0.0301 0.0481 0.1903 0.0098 0.0503 0.0769 0.0382 0.0966 
         310 13 0.0918 0.0068 0.0549 0.0262 0.0067 0.0240 0.0900 0.0641 0.0068 0.0315 0.0058 0.0066 0.0253 0.0295 0.1660 0.0282 0.1289 0.0925 0.0492 0.0654 
         311 17 0.0319 0.0046 0.0369 0.0296 0.0070 0.2506 0.0167 0.0679 0.0048 0.0203 0.0048 0.0062 0.1784 0.0528 0.0565 0.0156 0.0429 0.0591 0.0234 0.0898 
         315 16 0.0110 0.0077 0.0105 0.0094 0.0055 0.0095 0.0088 0.0115 0.0068 0.0094 0.0075 0.0070 0.0092 0.0087 0.0108 0.8267 0.0105 0.0101 0.0097 0.0097 
         318  4 0.1093 0.0156 0.0543 0.0809 0.0183 0.0992 0.0713 0.0331 0.0221 0.0890 0.0237 0.0094 0.0263 0.0462 0.0871 0.0127 0.0411 0.0556 0.0301 0.0747 
         321  1 0.1215 0.0162 0.0665 0.0963 0.0098 0.0645 0.0993 0.0317 0.0174 0.0639 0.0199 0.0070 0.0243 0.0343 0.0911 0.0107 0.0403 0.0582 0.0360 0.0910 
         325 19 0.0551 0.0078 0.2098 0.0756 0.0077 0.0234 0.0450 0.0286 0.0063 0.0460 0.0113 0.0069 0.0896 0.0526 0.0353 0.0461 0.0483 0.0700 0.0592 0.0753 
         334 19 0.0497 0.0128 0.0915 0.0672 0.0083 0.0353 0.0476 0.0588 0.0135 0.0404 0.0164 0.0090 0.0519 0.0753 0.0344 0.0186 0.0665 0.0893 0.0888 0.1248 
         335 13 0.0531 0.0143 0.0564 0.0300 0.0118 0.0497 0.0625 0.1021 0.0160 0.0382 0.0183 0.0128 0.1503 0.0506 0.0619 0.0311 0.0459 0.0661 0.0392 0.0898 
         340 20 0.1168 0.0063 0.0354 0.0154 0.0076 0.0656 0.0309 0.0821 0.0051 0.0537 0.0049 0.0063 0.0873 0.0741 0.0237 0.0204 0.0681 0.0947 0.0563 0.1456 
         341  7 0.0779 0.0204 0.0583 0.0172 0.0098 0.0734 0.0450 0.0751 0.0179 0.0315 0.0154 0.0434 0.0680 0.0622 0.0291 0.0170 0.1403 0.0859 0.0369 0.0754 
         342 13 0.0353 0.0277 0.1095 0.0394 0.0186 0.0177 0.0808 0.0286 0.0148 0.0416 0.0270 0.1575 0.1018 0.0225 0.0386 0.0139 0.0806 0.0406 0.0280 0.0756 
         343 18 0.0553 0.0082 0.0649 0.0966 0.0090 0.0154 0.0194 0.0507 0.0081 0.0873 0.0082 0.0090 0.0304 0.0669 0.0127 0.0082 0.1886 0.0500 0.0486 0.1624 
         344 17 0.0996 0.0075 0.0563 0.0364 0.0072 0.0255 0.0727 0.0758 0.0079 0.0477 0.0076 0.0080 0.0361 0.0284 0.0660 0.0310 0.1614 0.0951 0.0365 0.0932 
         345 16 0.0311 0.0100 0.0224 0.0156 0.0077 0.0184 0.0196 0.0202 0.0081 0.0181 0.0077 0.0120 0.0159 0.0166 0.0254 0.6531 0.0204 0.0241 0.0293 0.0242 
         346  3 0.0687 0.0078 0.0493 0.0474 0.0068 0.1405 0.0270 0.0560 0.0077 0.0262 0.0075 0.0120 0.0280 0.1130 0.0381 0.0149 0.1294 0.1155 0.0393 0.0649 
         348 14 0.0496 0.0065 0.0857 0.0611 0.0103 0.0304 0.0414 0.0570 0.0053 0.0605 0.0055 0.0078 0.0406 0.0621 0.0644 0.0119 0.1870 0.0632 0.0974 0.0522 
         349 18 0.0399 0.0055 0.0302 0.0476 0.0061 0.0543 0.0144 0.0414 0.0047 0.0318 0.0049 0.0067 0.0318 0.0562 0.0396 0.3006 0.0735 0.0823 0.0722 0.0562 
         350 14 0.0441 0.0310 0.0293 0.0338 0.0140 0.0297 0.0320 0.0344 0.0427 0.0263 0.0278 0.0353 0.1472 0.0518 0.0441 0.1005 0.1260 0.0573 0.0477 0.0450 
         351 17 0.1291 0.0084 0.0569 0.0520 0.0075 0.0258 0.0309 0.1026 0.0084 0.0851 0.0075 0.0084 0.0186 0.0357 0.0434 0.0218 0.0627 0.0661 0.0313 0.1980 
         357  7 0.0613 0.0142 0.1274 0.0496 0.0185 0.0251 0.0999 0.0459 0.0105 0.0743 0.0108 0.0188 0.0400 0.0705 0.0466 0.0080 0.0447 0.0937 0.0903 0.0499 
         363 12 0.0311 0.0302 0.0668 0.0810 0.0178 0.0131 0.0575 0.0300 0.0179 0.0242 0.0195 0.3709 0.0254 0.0402 0.0187 0.0247 0.0213 0.0405 0.0398 0.0292 
         364  3 0.0255 0.0106 0.1182 0.1978 0.0106 0.0216 0.0342 0.0600 0.0097 0.0807 0.0113 0.0279 0.0758 0.0634 0.0268 0.0060 0.0447 0.0713 0.0572 0.0468 
         365  1 0.0295 0.0101 0.0332 0.0583 0.0112 0.0273 0.0204 0.1118 0.0101 0.0530 0.0095 0.0250 0.1956 0.0879 0.0197 0.0255 0.0972 0.0906 0.0482 0.0359 
         366 18 0.0112 0.0036 0.0559 0.0327 0.0091 0.0173 0.0146 0.0636 0.0036 0.0233 0.0040 0.0059 0.5313 0.0414 0.0144 0.0037 0.0888 0.0372 0.0169 0.0215 
         367 18 0.0731 0.0110 0.0570 0.0402 0.0164 0.0248 0.0732 0.0695 0.0071 0.1365 0.0109 0.0108 0.0518 0.0641 0.0355 0.0281 0.0668 0.1115 0.0749 0.0367 
         369 13 0.0239 0.0085 0.0311 0.0283 0.0200 0.0534 0.0224 0.0864 0.0088 0.0178 0.0085 0.0158 0.1724 0.0598 0.1886 0.0696 0.0391 0.0838 0.0308 0.0309 
         370 18 0.0208 0.0060 0.0362 0.0740 0.0173 0.0189 0.0250 0.1196 0.0063 0.0230 0.0061 0.0069 0.1152 0.2594 0.0287 0.0062 0.0775 0.0775 0.0376 0.0377 
         371  4 0.0499 0.0082 0.0349 0.1784 0.0180 0.0189 0.0164 0.0994 0.0078 0.0613 0.0079 0.0089 0.0457 0.1926 0.0210 0.0091 0.0492 0.0646 0.0497 0.0583 
         372 18 0.0509 0.0063 0.0626 0.0548 0.0166 0.0231 0.0803 0.0888 0.0064 0.0199 0.0063 0.0127 0.1555 0.1190 0.0385 0.0071 0.0384 0.1024 0.0556 0.0550 
         374 13 0.0162 0.0076 0.0340 0.0570 0.0297 0.0282 0.0168 0.0710 0.0069 0.0211 0.0076 0.0114 0.2436 0.2031 0.0405 0.0066 0.0619 0.0603 0.0502 0.0264 
         376 13 0.0263 0.0060 0.0218 0.0236 0.0322 0.0318 0.0206 0.1336 0.0049 0.0452 0.0048 0.1240 0.1013 0.0736 0.0257 0.0060 0.0256 0.1162 0.1178 0.0592 
         377  7 0.0616 0.0113 0.1593 0.0995 0.0137 0.0345 0.0374 0.0298 0.0095 0.1717 0.0102 0.0089 0.0426 0.0568 0.0824 0.0048 0.0175 0.0792 0.0291 0.0399 
         378 13 0.0354 0.0079 0.0304 0.0289 0.0109 0.0224 0.0321 0.2902 0.0062 0.0574 0.0059 0.0103 0.0776 0.0621 0.0541 0.0071 0.0521 0.1089 0.0437 0.0563 
         379 18 0.0327 0.0073 0.0245 0.0629 0.0167 0.0447 0.0303 0.0648 0.0064 0.0465 0.0066 0.0643 0.1171 0.0866 0.0472 0.0078 0.0570 0.1257 0.0507 0.1001 
         380 18 0.0306 0.0102 0.0245 0.0826 0.0163 0.0371 0.0304 0.0501 0.0095 0.0395 0.0099 0.0776 0.0989 0.1019 0.0391 0.0066 0.0564 0.1245 0.0503 0.1041 
         382 14 0.0178 0.0095 0.0183 0.0241 0.0127 0.1100 0.0143 0.0724 0.0081 0.0212 0.0071 0.0081 0.2185 0.1424 0.1356 0.0050 0.0284 0.0790 0.0287 0.0390 
         389 18 0.0683 0.0114 0.0243 0.0759 0.0174 0.0482 0.0449 0.0514 0.0081 0.0647 0.0091 0.0241 0.1083 0.0900 0.0226 0.0099 0.0206 0.1021 0.0609 0.1377 
         394 18 0.0164 0.0112 0.0230 0.0763 0.0098 0.0169 0.0126 0.0661 0.0112 0.0219 0.0100 0.0114 0.0399 0.2610 0.0180 0.0127 0.1156 0.1271 0.0973 0.0416 
         395 18 0.0422 0.0076 0.0277 0.0981 0.0308 0.0775 0.0208 0.0982 0.0122 0.0678 0.0084 0.0220 0.0910 0.0679 0.0387 0.0072 0.0594 0.0987 0.0666 0.0571 
         396 16 0.0549 0.0113 0.0542 0.0762 0.0095 0.0339 0.0389 0.0773 0.0106 0.0487 0.0123 0.0079 0.0491 0.0972 0.1725 0.0087 0.0607 0.1028 0.0394 0.0342 
         397 13 0.0143 0.0123 0.0170 0.0223 0.0136 0.0121 0.0129 0.0581 0.0130 0.0178 0.0124 0.0239 0.2543 0.1805 0.0092 0.0098 0.1509 0.0733 0.0564 0.0359 
         398 20 0.0219 0.0070 0.0301 0.0157 0.0137 0.0198 0.0226 0.2596 0.0049 0.0346 0.0048 0.0099 0.0751 0.1561 0.0266 0.0083 0.0534 0.0884 0.1035 0.0439 
         402 14 0.0361 0.0068 0.0301 0.0308 0.0139 0.0288 0.0345 0.1125 0.0050 0.0354 0.0052 0.0116 0.0812 0.2205 0.0362 0.0144 0.0284 0.1013 0.1071 0.0601 
         404 13 0.0283 0.0064 0.0323 0.0351 0.0115 0.0264 0.0226 0.2209 0.0056 0.0349 0.0061 0.0089 0.1071 0.1160 0.0427 0.0135 0.0665 0.1178 0.0540 0.0433 
         406 14 0.0468 0.0101 0.0232 0.0646 0.0134 0.0535 0.0211 0.0544 0.0077 0.0455 0.0090 0.0129 0.0820 0.1562 0.0235 0.0175 0.0607 0.1418 0.0875 0.0685 
         407 14 0.0330 0.0065 0.0305 0.0891 0.0102 0.0506 0.0196 0.0901 0.0073 0.0329 0.0074 0.0096 0.1389 0.1393 0.0286 0.0071 0.0540 0.1201 0.0630 0.0622 
         408 12 0.0188 0.1581 0.0143 0.0230 0.0211 0.0148 0.0168 0.0282 0.2025 0.0166 0.0949 0.0887 0.0786 0.0655 0.0136 0.0083 0.0307 0.0458 0.0359 0.0239 
         409 14 0.0256 0.0057 0.0215 0.0399 0.0096 0.0242 0.0156 0.0824 0.0054 0.0245 0.0054 0.0074 0.0580 0.1558 0.0403 0.0418 0.1176 0.1877 0.0924 0.0392 
         412 13 0.0241 0.0093 0.0198 0.0184 0.0128 0.0742 0.0158 0.2381 0.0100 0.0218 0.0133 0.0352 0.1928 0.0798 0.0179 0.0186 0.0373 0.0998 0.0245 0.0365 
         416 18 0.0516 0.0112 0.0360 0.0328 0.0107 0.0211 0.0606 0.1222 0.0129 0.0370 0.0158 0.0079 0.0466 0.0731 0.1188 0.0175 0.0565 0.1665 0.0540 0.0472 
         421  4 0.0636 0.0092 0.2912 0.0451 0.0059 0.0296 0.1507 0.0270 0.0095 0.1165 0.0112 0.0078 0.0232 0.0231 0.0340 0.0102 0.0341 0.0377 0.0314 0.0391 
         422 18 0.0480 0.0106 0.2645 0.0861 0.0070 0.0191 0.0494 0.0205 0.0083 0.1634 0.0098 0.0175 0.0241 0.0240 0.0182 0.0139 0.1020 0.0326 0.0565 0.0245 
         426 16 0.0075 0.0066 0.0065 0.0059 0.0048 0.0075 0.0065 0.0078 0.0059 0.0068 0.0053 0.0067 0.0065 0.0075 0.0066 0.8720 0.0072 0.0073 0.0077 0.0075 
         428  1 0.2543 0.0097 0.0570 0.1606 0.0057 0.0164 0.0993 0.0147 0.0083 0.0905 0.0095 0.0564 0.0088 0.0134 0.0261 0.0074 0.0133 0.0304 0.0142 0.1040 
         429 18 0.0371 0.0095 0.0882 0.0307 0.0224 0.0579 0.0223 0.0269 0.0145 0.0299 0.0092 0.0228 0.0331 0.0319 0.0394 0.3483 0.0328 0.0551 0.0492 0.0387 
         430 17 0.0270 0.0076 0.0179 0.0236 0.0560 0.1260 0.0327 0.0227 0.0160 0.0217 0.0143 0.1089 0.1448 0.0276 0.0207 0.0079 0.0395 0.0547 0.0421 0.1882 
         431 14 0.0447 0.0073 0.0595 0.1162 0.0063 0.1166 0.0270 0.0295 0.0067 0.0755 0.0072 0.0151 0.1368 0.0520 0.0524 0.0083 0.0618 0.0661 0.0475 0.0633 
         433 18 0.0607 0.0124 0.0988 0.1406 0.0076 0.0333 0.1092 0.0555 0.0108 0.0934 0.0091 0.0253 0.0308 0.0352 0.0445 0.0108 0.0249 0.0491 0.0442 0.1039 
         435  1 0.0559 0.0118 0.1082 0.0619 0.0073 0.0280 0.0527 0.1044 0.0113 0.0966 0.0095 0.0108 0.0512 0.0510 0.0210 0.0077 0.1475 0.0544 0.0380 0.0708 
         437  7 0.0791 0.0112 0.1155 0.0905 0.0081 0.0303 0.1154 0.0770 0.0085 0.1052 0.0075 0.0123 0.0260 0.0512 0.0574 0.0144 0.0419 0.0463 0.0426 0.0594 
         446 18 0.0378 0.0081 0.1030 0.1511 0.0056 0.0231 0.0549 0.0523 0.0086 0.0630 0.0087 0.0145 0.0375 0.0444 0.0361 0.0133 0.1352 0.0792 0.0489 0.0746 
         449  3 0.0637 0.0099 0.1719 0.0919 0.0076 0.0154 0.0924 0.0538 0.0096 0.0666 0.0102 0.0131 0.0715 0.0309 0.0224 0.0150 0.0864 0.0588 0.0367 0.0723 
         451  7 0.0378 0.0083 0.3283 0.1506 0.0069 0.0348 0.0471 0.0378 0.0077 0.0401 0.0097 0.0257 0.0354 0.0322 0.0232 0.0097 0.0687 0.0406 0.0211 0.0342 
         456  7 0.0489 0.0086 0.3789 0.0777 0.0058 0.0202 0.1086 0.0435 0.0074 0.0473 0.0084 0.0181 0.0268 0.0183 0.0416 0.0102 0.0416 0.0300 0.0259 0.0323 
         457  8 0.0219 0.0097 0.3389 0.0235 0.0063 0.0141 0.0290 0.0186 0.0093 0.0265 0.0086 0.0086 0.0157 0.0887 0.0171 0.0070 0.1807 0.0533 0.1026 0.0198 
         462 13 0.0476 0.0046 0.0602 0.0291 0.0064 0.0283 0.0326 0.0390 0.0041 0.0641 0.0042 0.0066 0.0604 0.0716 0.0162 0.0128 0.3276 0.0672 0.0709 0.0464 
         463 13 0.0513 0.0078 0.0851 0.0337 0.0213 0.0239 0.0558 0.0653 0.0056 0.0621 0.0057 0.0089 0.0577 0.1256 0.0276 0.0108 0.0902 0.0724 0.1463 0.0430 
         464  3 0.0535 0.0048 0.2750 0.0256 0.0074 0.0134 0.2891 0.0186 0.0042 0.0627 0.0046 0.0085 0.0145 0.0151 0.0254 0.0055 0.1129 0.0257 0.0166 0.0169 
         467  4 0.0364 0.0072 0.3401 0.1071 0.0063 0.0255 0.0433 0.0388 0.0077 0.0620 0.0087 0.0105 0.0777 0.0193 0.0249 0.0070 0.0571 0.0388 0.0319 0.0496 
         472  3 0.0772 0.0105 0.1746 0.0946 0.0060 0.0497 0.0740 0.0313 0.0122 0.0704 0.0118 0.0107 0.0415 0.0490 0.0353 0.0084 0.0670 0.0581 0.0486 0.0693 
         474 18 0.0450 0.0072 0.0778 0.1444 0.0056 0.0456 0.0282 0.0399 0.0088 0.0476 0.0082 0.0122 0.0619 0.0693 0.0169 0.0186 0.1228 0.0833 0.0648 0.0919 
         475 15 0.0622 0.0078 0.1142 0.0388 0.0069 0.0287 0.1042 0.0910 0.0061 0.1460 0.0081 0.0101 0.0392 0.0283 0.0712 0.0241 0.0468 0.0659 0.0457 0.0545 
         484  4 0.0520 0.0174 0.2331 0.0623 0.0076 0.0250 0.2344 0.0174 0.0154 0.0900 0.0176 0.0099 0.0136 0.0162 0.0943 0.0045 0.0234 0.0202 0.0159 0.0299 
         485 13 0.0543 0.0113 0.0422 0.2940 0.0092 0.0519 0.0351 0.0261 0.0116 0.0380 0.0127 0.0138 0.0651 0.0792 0.0596 0.0104 0.0242 0.0546 0.0488 0.0579 
         486 18 0.1058 0.0119 0.0347 0.0680 0.0101 0.0256 0.0248 0.0313 0.0117 0.0263 0.0111 0.0089 0.0279 0.3027 0.0375 0.0238 0.0414 0.1192 0.0463 0.0311 
         489  1 0.0845 0.0193 0.0390 0.0550 0.0302 0.0315 0.0958 0.0280 0.0113 0.0656 0.0129 0.0344 0.1244 0.0609 0.0476 0.0173 0.0878 0.0418 0.0778 0.0347 
         490  7 0.0859 0.0175 0.0388 0.0603 0.0297 0.0302 0.1246 0.0241 0.0115 0.0601 0.0130 0.0227 0.1076 0.0678 0.0671 0.0117 0.0969 0.0400 0.0597 0.0309 
         494  7 0.0910 0.0354 0.1034 0.1183 0.0225 0.0308 0.1508 0.0265 0.0157 0.0733 0.0247 0.0148 0.0286 0.0489 0.0573 0.0093 0.0449 0.0303 0.0338 0.0395 
         500 13 0.0440 0.0049 0.0478 0.0678 0.0151 0.0301 0.0441 0.0454 0.0046 0.0267 0.0045 0.0084 0.0921 0.1726 0.0299 0.0456 0.0663 0.0795 0.0931 0.0775 
         502 13 0.0356 0.0056 0.0831 0.0476 0.0173 0.0212 0.0443 0.0759 0.0045 0.0403 0.0048 0.0095 0.0885 0.1006 0.0343 0.0127 0.1646 0.0470 0.1276 0.0348 
         507 18 0.0447 0.0084 0.0791 0.0439 0.0161 0.0840 0.0665 0.1165 0.0072 0.0314 0.0095 0.0139 0.0511 0.1306 0.0790 0.0120 0.0431 0.0811 0.0347 0.0472 
         509 14 0.0417 0.0077 0.0805 0.0597 0.0140 0.0272 0.0840 0.0634 0.0070 0.0367 0.0083 0.0053 0.0350 0.1175 0.2001 0.0125 0.0631 0.0543 0.0484 0.0335 
         512 20 0.1131 0.0295 0.0869 0.0975 0.0219 0.0437 0.1723 0.0202 0.0179 0.0680 0.0426 0.0120 0.0344 0.0358 0.0520 0.0145 0.0246 0.0326 0.0346 0.0458 
         513 14 0.0265 0.0068 0.0876 0.1873 0.0166 0.0201 0.0451 0.0442 0.0070 0.0320 0.0073 0.0092 0.0506 0.0927 0.0582 0.0083 0.1502 0.0463 0.0683 0.0359 
         514  1 0.0757 0.0321 0.0740 0.0931 0.0315 0.0751 0.0814 0.0186 0.0180 0.0528 0.0297 0.0168 0.0641 0.0562 0.0977 0.0077 0.0581 0.0382 0.0384 0.0408 
         515 16 0.0099 0.0084 0.0083 0.0090 0.0055 0.0110 0.0074 0.0110 0.0084 0.0092 0.0080 0.0089 0.0131 0.0108 0.0082 0.8215 0.0120 0.0102 0.0096 0.0097 
         518 16 0.0113 0.0186 0.0089 0.0080 0.0064 0.0092 0.0096 0.0106 0.0151 0.0099 0.0145 0.0142 0.0114 0.0103 0.0095 0.7919 0.0098 0.0098 0.0114 0.0097 
         519 16 0.0087 0.0067 0.0076 0.0070 0.0063 0.0099 0.0068 0.0097 0.0063 0.0084 0.0071 0.0083 0.0124 0.0087 0.0070 0.8439 0.0088 0.0087 0.0090 0.0088 
         520 16 0.0285 0.0117 0.0255 0.0195 0.0117 0.0260 0.0257 0.0279 0.0104 0.0271 0.0119 0.0194 0.0475 0.0341 0.0233 0.5112 0.0496 0.0287 0.0372 0.0232 
         521 16 0.0529 0.0161 0.0192 0.0402 0.0077 0.0543 0.0420 0.0309 0.0136 0.0218 0.0074 0.0181 0.0533 0.0463 0.0195 0.4038 0.0122 0.0704 0.0352 0.0349 
         523 16 0.0240 0.0298 0.0307 0.0221 0.0078 0.0313 0.0180 0.0247 0.0341 0.0231 0.0426 0.0934 0.0320 0.0151 0.0219 0.4713 0.0156 0.0192 0.0181 0.0253 
         524 16 0.0124 0.0070 0.0112 0.0127 0.0055 0.0145 0.0096 0.0124 0.0070 0.0109 0.0069 0.0111 0.0145 0.0153 0.0084 0.7780 0.0146 0.0143 0.0172 0.0162 
         526 19 0.0250 0.0207 0.0107 0.0178 0.0071 0.0096 0.0193 0.0092 0.0105 0.0134 0.0114 0.0302 0.0079 0.0149 0.0113 0.0125 0.0079 0.0186 0.7209 0.0209 
         531  1 0.0952 0.0089 0.0245 0.2043 0.0054 0.1635 0.0340 0.0276 0.0081 0.0627 0.0096 0.0102 0.0265 0.0296 0.1349 0.0071 0.0169 0.0422 0.0184 0.0701 
         532 19 0.0533 0.0116 0.0248 0.0414 0.0076 0.0382 0.0403 0.0329 0.0093 0.0250 0.0101 0.0728 0.0157 0.0363 0.0235 0.0180 0.0351 0.1871 0.2554 0.0615 
         533 18 0.1098 0.0112 0.0233 0.0653 0.0058 0.1184 0.0330 0.0374 0.0096 0.0593 0.0103 0.0183 0.0581 0.0421 0.0272 0.0092 0.0212 0.0731 0.0362 0.2312 
         534  1 0.0880 0.0177 0.0593 0.0899 0.0098 0.2269 0.0322 0.0245 0.0080 0.1462 0.0117 0.0159 0.0135 0.0330 0.0281 0.0104 0.0138 0.0391 0.0192 0.1127 
         541  7 0.0758 0.0188 0.0450 0.1284 0.0080 0.0567 0.0422 0.0651 0.0143 0.0657 0.0152 0.0260 0.0364 0.0530 0.0395 0.0098 0.0434 0.0658 0.0515 0.1394 
         542  1 0.1247 0.0170 0.0537 0.0896 0.0058 0.0555 0.0847 0.0396 0.0162 0.0584 0.0170 0.0149 0.0191 0.0199 0.1945 0.0090 0.0252 0.0477 0.0229 0.0846 
         544 18 0.0702 0.0153 0.0344 0.0322 0.0096 0.0309 0.1219 0.0381 0.0102 0.0400 0.0148 0.0614 0.0807 0.0801 0.0191 0.0286 0.0397 0.1307 0.0418 0.1003 
         545 19 0.0916 0.0139 0.0441 0.0656 0.0071 0.0392 0.0580 0.0681 0.0099 0.0622 0.0120 0.0236 0.0395 0.0568 0.0485 0.0221 0.0655 0.0874 0.0631 0.1214 
         546  7 0.1209 0.0117 0.0342 0.0575 0.0093 0.1032 0.0676 0.0544 0.0067 0.0986 0.0087 0.0205 0.0393 0.0364 0.0439 0.0121 0.0273 0.0553 0.0395 0.1530 
         548  7 0.1853 0.0090 0.0298 0.0820 0.0066 0.0335 0.0334 0.0514 0.0081 0.1076 0.0085 0.0118 0.0189 0.0322 0.0375 0.0126 0.0344 0.0558 0.0286 0.2130 
         552 18 0.0731 0.0350 0.0485 0.0781 0.0092 0.0436 0.1271 0.0395 0.0363 0.0441 0.0296 0.0297 0.0236 0.0351 0.1136 0.0067 0.0248 0.0514 0.0349 0.1161 
         554 13 0.0506 0.0058 0.2490 0.1499 0.0066 0.0346 0.0179 0.0254 0.0062 0.1136 0.0068 0.0073 0.0984 0.0264 0.0355 0.0074 0.0292 0.0571 0.0293 0.0431 
         555  7 0.1439 0.0082 0.1218 0.0636 0.0077 0.0432 0.0379 0.0239 0.0074 0.1442 0.0062 0.0112 0.0363 0.0435 0.0490 0.0179 0.0164 0.0749 0.0646 0.0781 
         556 18 0.0856 0.0056 0.0367 0.0686 0.0072 0.0922 0.0206 0.0878 0.0052 0.0988 0.0053 0.0167 0.0346 0.0576 0.0221 0.0058 0.0712 0.0789 0.0237 0.1761 
         559  1 0.0783 0.0211 0.0785 0.0706 0.0055 0.0802 0.0594 0.0190 0.0163 0.0710 0.0183 0.0135 0.0234 0.0226 0.2679 0.0068 0.0150 0.0392 0.0337 0.0596 
         560  4 0.0666 0.0065 0.4114 0.0742 0.0071 0.0191 0.0544 0.0276 0.0068 0.0556 0.0063 0.0077 0.0266 0.0258 0.0622 0.0063 0.0395 0.0427 0.0262 0.0273 
         564 18 0.0784 0.0072 0.0314 0.0237 0.0063 0.2006 0.0268 0.0966 0.0060 0.0408 0.0058 0.0116 0.0436 0.0959 0.0345 0.0089 0.0899 0.0972 0.0271 0.0679 
         568  3 0.1984 0.0074 0.1304 0.0265 0.0072 0.0235 0.1773 0.0297 0.0057 0.0750 0.0058 0.0171 0.0251 0.0300 0.0401 0.0171 0.0395 0.0665 0.0355 0.0423 
         569 14 0.0792 0.0183 0.0400 0.0770 0.0072 0.0614 0.0374 0.0477 0.0224 0.0553 0.0161 0.0138 0.0634 0.0667 0.0291 0.0072 0.0593 0.0852 0.0563 0.1569 
         570  1 0.1015 0.0662 0.0580 0.0289 0.0086 0.1344 0.0412 0.0287 0.0436 0.0497 0.0331 0.0199 0.0278 0.0399 0.1113 0.0325 0.0234 0.0481 0.0455 0.0578 
         571 18 0.0645 0.0065 0.0354 0.0564 0.0060 0.2672 0.0261 0.0648 0.0059 0.0366 0.0064 0.0108 0.0321 0.0844 0.0672 0.0085 0.0781 0.0776 0.0221 0.0433 
         575 18 0.0785 0.0089 0.0308 0.0516 0.0060 0.1246 0.0265 0.0762 0.0076 0.0632 0.0066 0.0098 0.0394 0.0532 0.1014 0.0247 0.0358 0.0928 0.0595 0.1027 
         576  7 0.1307 0.0296 0.0555 0.1118 0.0094 0.0619 0.0856 0.0236 0.0140 0.1089 0.0178 0.0338 0.0231 0.0241 0.0757 0.0186 0.0165 0.0367 0.0437 0.0790 
         580 18 0.0800 0.0150 0.0447 0.2455 0.0103 0.0565 0.0589 0.0232 0.0135 0.0900 0.0138 0.0132 0.0302 0.0324 0.0565 0.0059 0.0696 0.0439 0.0413 0.0559 
         582  6 0.0613 0.0096 0.0231 0.0270 0.0125 0.1721 0.0196 0.0402 0.0172 0.0406 0.0109 0.0086 0.1362 0.1003 0.0288 0.0059 0.1262 0.0651 0.0237 0.0710 
         583 16 0.0217 0.0186 0.0156 0.0160 0.0076 0.0309 0.0116 0.0230 0.0149 0.0174 0.0131 0.0176 0.0173 0.0169 0.0145 0.6761 0.0146 0.0162 0.0163 0.0199 
         584 16 0.0400 0.0711 0.0288 0.0236 0.0098 0.0275 0.0312 0.0354 0.0781 0.0214 0.0389 0.0381 0.0171 0.0196 0.0348 0.3708 0.0230 0.0282 0.0247 0.0380 
         592  7 0.0697 0.0110 0.0608 0.0574 0.0082 0.0486 0.0511 0.0856 0.0093 0.0646 0.0081 0.0070 0.0312 0.0879 0.1379 0.0077 0.1093 0.0571 0.0426 0.0449 
         593 18 0.0418 0.0141 0.0381 0.0404 0.0066 0.1559 0.0190 0.1128 0.0124 0.0343 0.0116 0.0093 0.1026 0.0918 0.0746 0.0127 0.0528 0.0647 0.0290 0.0756 
         599  4 0.0894 0.0209 0.0484 0.0867 0.0074 0.0732 0.0331 0.0781 0.0224 0.0605 0.0160 0.0124 0.0389 0.0581 0.0528 0.0127 0.0670 0.0737 0.0589 0.0895 
         604 18 0.0550 0.0077 0.0332 0.0478 0.0067 0.0552 0.0259 0.0481 0.0089 0.0461 0.0087 0.0112 0.1892 0.0598 0.0142 0.0067 0.0688 0.0770 0.0423 0.1876 
         612 18 0.0269 0.0052 0.0214 0.0161 0.0071 0.1724 0.0152 0.0379 0.0045 0.0254 0.0044 0.0073 0.3372 0.0581 0.0404 0.0069 0.0641 0.0543 0.0363 0.0589 
         613 18 0.0277 0.0051 0.0177 0.0132 0.0063 0.2475 0.0141 0.0404 0.0045 0.0227 0.0044 0.0067 0.3131 0.0513 0.0414 0.0076 0.0380 0.0499 0.0273 0.0610 
         615 15 0.0883 0.0071 0.0340 0.0173 0.0073 0.0354 0.1584 0.0347 0.0058 0.0393 0.0053 0.0096 0.0396 0.0660 0.0251 0.0083 0.0313 0.1823 0.0597 0.1454 
         616 17 0.0659 0.0106 0.0236 0.0166 0.0078 0.0277 0.0366 0.0610 0.0084 0.0487 0.0078 0.0185 0.1381 0.0536 0.0337 0.0502 0.1781 0.0878 0.0657 0.0595 
         620 13 0.0981 0.0080 0.0377 0.0330 0.0062 0.0581 0.0505 0.0814 0.0080 0.0579 0.0072 0.0102 0.0794 0.0449 0.0474 0.0127 0.0607 0.1057 0.0480 0.1450 
         623 18 0.0630 0.0096 0.0472 0.0390 0.0080 0.1330 0.0326 0.0542 0.0100 0.0409 0.0095 0.0156 0.0605 0.0336 0.1009 0.1044 0.0488 0.0749 0.0410 0.0730 
         624  3 0.0735 0.0083 0.0410 0.0364 0.0062 0.0875 0.0431 0.0642 0.0078 0.0319 0.0075 0.0171 0.0302 0.0831 0.0569 0.0107 0.1670 0.1288 0.0396 0.0590 
         625 18 0.0408 0.0060 0.1017 0.0707 0.0064 0.0315 0.0329 0.1249 0.0048 0.0658 0.0064 0.0092 0.1441 0.0309 0.0757 0.0154 0.0699 0.0671 0.0358 0.0599 
         626 18 0.0606 0.0062 0.0520 0.0411 0.0066 0.0509 0.0389 0.1356 0.0047 0.0837 0.0056 0.0109 0.0716 0.0446 0.0861 0.0257 0.0677 0.0786 0.0554 0.0735 
         627 10 0.0705 0.0069 0.0467 0.0368 0.0067 0.0942 0.0430 0.0861 0.0052 0.0699 0.0055 0.0083 0.0659 0.0790 0.0954 0.0114 0.0440 0.0779 0.0609 0.0857 
         630 18 0.0382 0.0075 0.0495 0.0827 0.0070 0.0442 0.0238 0.0602 0.0062 0.0565 0.0068 0.0135 0.0672 0.0882 0.0350 0.0172 0.1096 0.0899 0.1122 0.0845 
         634 18 0.0554 0.0318 0.0916 0.1658 0.0097 0.0402 0.0716 0.0262 0.0241 0.0730 0.0316 0.0314 0.0355 0.0356 0.0406 0.0061 0.0453 0.0451 0.0473 0.0920 
         635  4 0.0750 0.0099 0.0384 0.0789 0.0228 0.0813 0.0483 0.0356 0.0106 0.0856 0.0090 0.0324 0.0518 0.0771 0.0555 0.0190 0.0324 0.0650 0.0860 0.0855 
         639 17 0.0892 0.0069 0.0379 0.0508 0.0073 0.0296 0.0940 0.0285 0.0055 0.0467 0.0052 0.0093 0.0240 0.0681 0.1808 0.0269 0.0564 0.0837 0.0916 0.0573 
         640 13 0.0593 0.0191 0.0341 0.0539 0.0095 0.0610 0.0461 0.0510 0.0240 0.0466 0.0181 0.0475 0.1600 0.0411 0.0393 0.0111 0.0573 0.0654 0.0575 0.0981 
         641  7 0.1309 0.0126 0.0333 0.0716 0.0077 0.1314 0.0738 0.0287 0.0109 0.0697 0.0105 0.0106 0.0363 0.0441 0.0749 0.0074 0.0304 0.0630 0.0398 0.1123 
         642  1 0.0695 0.0056 0.0229 0.0482 0.0090 0.3460 0.0222 0.0434 0.0078 0.0656 0.0064 0.0136 0.0553 0.0264 0.0535 0.0101 0.0198 0.0532 0.0293 0.0923 
         647  7 0.0892 0.0133 0.0826 0.0214 0.0071 0.0563 0.0776 0.1046 0.0106 0.0614 0.0091 0.0078 0.0464 0.0664 0.0720 0.0070 0.0465 0.0665 0.0412 0.1131 
         651 13 0.0374 0.0070 0.0826 0.0597 0.0114 0.0325 0.0594 0.2252 0.0055 0.0601 0.0056 0.0180 0.0569 0.0421 0.0451 0.0142 0.0362 0.0451 0.0513 0.1047 
         660  7 0.1463 0.0251 0.0706 0.0462 0.0081 0.0358 0.0738 0.0393 0.0179 0.0915 0.0237 0.0134 0.0398 0.0366 0.0359 0.0144 0.1086 0.0602 0.0381 0.0748 
